1660778055
100000421922490
1449619053
1118122201
1212448418
1604027154
1036065453
100001391585235
100000689582467
100001206727289
741419040
1421142783
512979433
1519088439
100006465107581
100001269802099
100001190288527
606485052
100000373526291
547136579
829980369
1515575587
100000862230532
705450640
100003175809603
1070687273
755143437
100002222028706
584425857
100004319471602
1464777395
100002096274941
1599525906
100001695886551
1629548478
715704439
100003646828832
100006462091030
1800455800
689767427
100005526933425
1219493776
738625002
1624843920
1573684711
100001014035524
1443829366
1402430439
100001998503434
694434621
100006477934695
1487508386
100002633324253
829874247
638757705
774099677
100000890465107
100006461267184
1416014618
100002128244620
100000980258833
100004388525332
100001339099039
100005012226549
100003434267469
1176618042
634711369
732331031
100006781173303
100000115541853
100001288427341
1408675193
100004283348680
100000702181345
100000691569789
1097500056
100006625861787
699399584
750545149
1372650881
1650911063
826901737
100002780077723
100001868000010
685679080
100004838286613
100001963221229
100000430568095
100006508682632
100001075921801
637183448
100000138083731
100003189271024
744758352
100001727866221
100001834808428
565491147
1565792714
623090085
100000875502729
100001033397624
1414697821
752647268
100000434066402
1613575411
1052738503
100003132805836
1686878069
577286658
100006509610898
100005783531232
704047442
100000221328458
769430234
100003653483832
1672419495
100001287513053
598584549
100002459973862
100001443866617
100006017103986
713380192
615406745
100000495567778
100000428316297
100000752330191
538561545
100002625947465
100003850251491
100001379631907
733127483
1012777445
1635465391
1297816329
100006613359342
100006559142944
100000709595422
100000571234874
100000051538660
100001432813561
100003398469339
589407354
637504222
532436871
100000120254571
100001507811647
100000181621706
1044022974
100000058627432
100003751386796
665345132
100006433385735
534362734
100000652909456
609240378
100007098155999
875960472
1601987090
1019506712
787578546
1448989212
632507543
640259402
577270694
789649513
100004151405752
566556015
777829895
100003097519011
100000933996319
100002525244042
100000433437140
1667629614
833647728
1501463314
100001716183198
100003060836874
100003584989788
1430177436
658625037
829319443
198271416948868
1040817377
100000067661472
739014176
550644305
100003405513286
650808687
100001128977858
100003513208922
100000603694660
1455187234
552338320
1502605868
100002154470917
612309243
703601642
594774891
100006388952402
100005008957592
1095392365
100003451285234
100005433690687
100001151239105
100001110761719
100003829605237
100000618385474
100006748630155
731257120
100000309748076
100006166360672
619348314
100005815474939
100002674928586
100004354149412
100000119587582
1850395123
1461281538
100000510078766
627887682
100004967023318
100001152362947
609855663
100000703686683
827252611
100004072172953
100003594290161
100003139747678
734634931
100003587065218
536647223
100002970871261
100001006121906
100001351111387
1517157711
100003028845377
100002396346071
693156690
544322122
1029911525
100000188136979
100000959155477
1464441440
100000244972392
100005000320179
590587285
837910034
100003756988235
100000551040186
1189699985
683031198
532913575
1808632393
1137511554
100003935185899
100000756783204
100001528932083
100000285456575
100004166017755
100005227230850
578643641
567842866
100002620375646
648704907
543332194
100002355084295
671154352
100000211287127
100001002922011
100005910493699
1519580932
705177284
1815319577
100000530923839
100002628570119
1357195009
1651695880
100003338402522
527792212
100000180835593
1069762695
100000919811281
1178211690
100000087872676
100006503583419
588898621
1326313568
846964252
100002722145889
706198629
1209596666
100000695405601
1059434814
100000200040867
100001920320083
1591719323
100002851447458
1657297304
100001050508790
100002582620428
100001630336244
100002365602404
760823197
100006582999492
1126291368
100005690053152
100002146904636
645317853
100006604904104
1502166635
100000110613038
100000011931546
100000888523334
1234534574
100005535518827
100000811443504
100001327598057
685522982
100000745297632
888630022
1443313844
100001116225204
100001618612964
100005151872552
100001889864374
100000923663330
100000446456262
653805331
717922661
100001983321304
100004101907431
100001532332997
1468666147
1167956929
601391566
1036422223
100000141159386
100002486734090
100003320632310
100002612477090
1749442194
100001151164025
1349718553
100001405744279
632445848
100000399942967
633929275
100001909050710
100000015018782
1358766364
100000515866964
100005902274400
100000144078756
100002384291942
100003646764981
100005812934516
100006274272214
683017954
100000122002613
100002645959589
100006130952153
100000002954798
100005075738809
100005667153051
521591370
100000670040088
1062558765
100002057994433
100001810789753
100003770063963
1567021361
100000977145829
100006789993825
100006972278686
1076301361
100000890315803
1046263014
554586107
100005269418946
100000001789900
686085704
100001496826827
100006201580372
504521775
100007971974566
615981638
1043497593
1060161382
1444500899
695809170
520409308
100000858035449
100003320090368
100006878503910
665500879
100001029587823
100001607437474
100001915604601
1639251622
1667553406
759399734
100002014200368
731846564
100001095122339
1039506299
1389810753
1449153189
1258895949
100006487892259
100000290679891
610638018
100004384176222
1021053394
100004065091196
100000924260179
100005119986658
100005296990521
100005799275162
100002524813454
100001036819113
555311412
100004623032573
100000501933098
100001621329231
588220421
100001714758759
1608204086
1133814784
100001502461360
100002620389706
100003361320307
1496829641
100007443703486
100001634860531
544571229
645962579
100004069759407
100004107066524
555106029
100005747375671
100001021573527
1672508152
1179824086
616968526
100003824120501
100006972794207
1427327570
100000365606274
100001524106432
578869470
679101251
659107679
605806308
100007226354591
1059952772
1800441213
100002547124341
100000551885607
100000109482723
598784142
100003096366119
100000424650402
100000355574602
100000540807372
100003994817549
717057107
100006476449214
100001309311024
1347491274
564208911
100004173305601
100000958921084
632275419
100006603579743
1020355355
618596305
683822195
100005072461334
100001448740473
100001856036633
647102581
762461066
100003123104306
100002445246052
528181069
100000918574749
100002463798726
1018002058
757069068
565189052
814659618
572360358
100005881953479
100000891190824
100000013467592
1627971915
1379485687
100000430208363
100000431263737
840917721
1108097192
100005104500532
1555945632
1609226581
100002128673262
100000390754717
100000491199229
1606424558
1414047064
100003508597735
624381538
100003274084813
100006081673501
1821426850
100003939067524
634555597
522389380
1133862937
1826423649
572399201
1716739619
771458121
694642137
100000950419241
675914131
1645723927
691324511
100002519324129
100000821904081
1732892135
754478977
100000853518447
100002345853726
1319834360
100000190207959
100000627071709
100001697705904
585832908
100001617077271
1788568108
100004358892213
100000942333483
649533862
100003545162077
100004751404959
100003394575480
100000743366780
1319122470
100001627830148
100002108703645
710526536
1549953909
656203796
1201705950
100003482222007
100001155715065
100001165917863
100005904456931
1221947140
729686416
100002151406996
1297556900
1131908707
660259772
100002415073299
100002222254204
100000099669208
460897480646569
577744383
599064317
1810770759
100000450144583
594935969
100001769699171
574159190
100000868854536
690303785
100001497377943
100005877933135
100002541519149
100004267531318
100000402548448
100001994645149
100000957081393
100007060836372
1296270984
583348465
597121449
100006380105944
100006211624879
100001714273611
100000708122816
781590462
100000819093176
754304869
100001256542940
100007014882898
100001094803449
100001656356356
100000703760987
100004232822159
100000784445508
100006781741197
795600111
100005447559737
1567482469
100003806329510
1586167216
100003202151970
100004774416884
1091453689
100005444233266
599549662
1580736021
100006707674959
100000265578183
100003649691129
100000807033145
1561321926
100001202664024
1404422035
100000454947935
100006979354401
100006455285392
1346448542
1001988288
1040362235
638798317
634462411
100002617601722
638013194
1334912789
100006211178095
1587143278
1296500632
100003211145249
100002772294539
100000697392201
1675272363
100000702056590
771773317
575717887
1325564976
100006527853417
624644559
1467542663
780997563
756803117
685895768
634739121
100000736820950
616807622
100001246155398
1254608368
639069668
744412581
100001219214105
652524772
100002611525928
501618920
564818263
100001849648803
100002908083446
1158144703
1098520679
617603286
1572372535
100000094309987
100002006148483
650811840
630655217
100000533986204
100007119995075
100007052880021
100005053784276
731935946
683588535
819344991
100001302454527
100000965318855
100001098223789
1018427623
100000278996239
100005880633907
100000203793028
723074594
100002090128708
1624572633
687326171
100000984161213
100004057302831
1152804039
1023352759
632411482
1599174393
100002005440307
100006713591244
100007765922931
713870797
717387608
100000580179617
534342023
100001707384762
727937885
100003881282372
100000158330313
100004090754759
611584785
100003830798081
100006555123756
100006429156702
100001199013221
763018252
100007232851580
719086290
656311304
100002256734918
100000456382693
100005883794523
100000448267917
626373522
1361424999
100000163313140
100000658896307
1568267846
1008547009
100001688259040
100000945118557
613891766
100006300392444
100002944793845
526591622
619508201
1356233105
829515506
558181976
1006145106
100001085331662
100003023043802
100001394427513
100003403721584
599955895
100002669179902
1176290497
1555957739
100000188414991
1265829532
1493048095
1322286057
100004486332452
100001196417042
865915098
100003563111457
1071752835
100002598165697
1431789917
825828663
100006213674280
1046746762
551899857
1645509522
536597224
100002126787034
100000953120931
1439705319
598278266
646207427
100001666632515
100005276893599
100001941651115
1344061619
