559047920
647753823
665500879
100001084868384
100006951672899
100005008957592
1622505136
100000371745013
100001654370587
774099677
1641771625
100004903989689
100001710767263
1114124380
1296773887
100003352980665
1565792714
100007320074570
100003587065218
100000142490702
100001391585235
825828663
100003359482398
100003162867612
563110551
536862757
713380192
100001436926463
1421142783
100000224528312
100000784445508
100000637562783
601640410
100002796387882
100000234211729
100000119587582
600315666
733666871
606485052
1128953863
100007867483490
627887682
100000392859239
100000548722836
100001152362947
100004921024411
1010111232
545716739
623964353
540809385
100001185764086
100000624365359
1028247990
100001336375808
100006464408640
100008002419269
100000177088298
1802048572
100001470171625
100007741029362
100004080220172
100001804168761
1040362235
1334912789
1531749086
100004267531318
638013194
100002396346071
100004960000977
100008362506879
100000772638630
100007350485213
100001241515686
100004267923544
100000436233030
100000862731653
100003189271024
100008381857940
100002772294539
100000558888435
100000257143878
1435748589
100002128673262
100005344862891
703081186
577546795
100005979460452
100000279507419
100002953875030
684423186
100004090401401
100001983321304
100000912930656
100000400973673
807418814
763018252
534202860
100001998503434
100005908066194
1166896697
1275752065
1671753768
100000227556510
100000895112716
605806308
100000969751146
100002606725650
100000219208234
578643641
1599907129
1493048095
100000491199229
100001762636793
561695036
100000715086946
100001474852256
625856144
100003096366119
581176323
100000355574602
100000293343435
715704439
100006476449214
100003186065623
100000689009056
1626754100
100000146661022
100006781173303
100000115541853
100001731728288
558886441
1375849803
1816187248
100001299113206
530996373
1079702032
100001732540672
1394867837
702656460
100003128788888
560460297
652621770
100000950538776
100005180170319
100001448740473
100003743770460
100004954894769
626787575
100002540294555
635052981
100003756988235
100001417840716
100000017209005
100002722145889
100002180944287
1429729296
650811840
100001668284332
1209596666
100000313694220
100000776275351
100002551258787
525643743
100001920320083
1591719323
100000401971660
1512800717
671698606
572360358
577380464
547250409
100000139845835
100001377961758
100001963221229
559735011
650142738
100006198931021
100001983745846
536606487
100004090754759
100003756113297
645317853
100001302454527
605397188
1017376617
100002988613425
1177252068
1227285001
588312791
100003495811313
1484747541
646322049
100002300454700
565491147
100000230114681
100001327598057
723074594
100005106789773
674026270
100005754997439
100001411805363
100002032242691
1424410339
813843479
100005151872552
100006509610898
100000562088552
100000144034314
704047442
100000797496681
100000446456262
1625829564
555308465
100006587044447
1322011745
100000434725000
717387608
1352042888
100003691158684
1076301361
1560160107
100000462891796
100006165824454
100007498568318
100002206997783
1036422223
100002459973862
100003766053848
100002607507188
627372290
665549759
100000106883657
100002384291942
100003964672032
100003277666836
100007243332718
100000190207959
1640823549
100001046810896
100001021573527
100000519582833
100006716944654
100007335912054
100001364435667
1357195009
670174855
100004774416884
1611848000
100002855824764
100000365606274
100006424743992
100004947991256
100000144078756
100000571234874
100003991678445
100001157525905
100000997278877
765643390121772
100001872317175
538348375
100003842893867
1470857979
100007394700848
735307527
685368991
1249122020
1668261491
100006015602284
100000122002613
100000527254733
1044022974
100000098920294
100001360562873
759697058
584783037
679101251
814969816
100003603148976
100000492871128
100007458250113
521591370
100003378737958
100001599262130
100006465287235
100001394945351
640259402
1555957739
100004841379279
671255122
100003277200757
100001023792989
529724852
1669071331
100002463798726
100004430703978
1500024370
100004486332452
1289134249
699399584
100003646246735
638710306
744482568
100002029100480
100000515866964
804647578
100000569965754
1262611659
100001405744279
100000152912503
100007780086525
1635465391
598278266
717572927
100000738265445
100001030667132
100008207646512
748001006
100000287062833
100002408167352
1113504883
