1264301302
1441397303
699703401
100001156486961
1059574735
581597224
1361424999
100001294343953
100000963851613
1284130293
100002160709875
646106344
100000562088552
696590201
635648748
100000747966341
100000248602619
100002485231763
100001405744279
550774075
100000562595979
736165371
100000114554580
100002161728427
100000758983074
100001572529619
594659751
100006331592675
1127185371
1286201952
1275752065
100005009653004
651137890
1020903021
564999371
100000410537179
100001042181873
100007771235721
100001859246294
100000922491175
100008129462130
100000881936512
100006706442112
100007085490592
100002038950438
100004907220161
533066359
100002547125172
100003297902800
100004082378727
634539532
1474672241
100004184023584
1072862566
671852034
1039037686
100007896008292
100006290440678
100000579431653
100002249871542
100001533195951
1049510469
100006260945702
100002494859051
100007614780900
1472021837
575109397
100007449304662
1641771625
100000383963492
100007230852199
100006471116086
100000576918634
1608204086
100004268974662
846034423
100007830546046
1082539066
100003211145249
100005157306995
100006787896856
100001231599816
1412680960
100004212876609
834259291
100001374566171
100000282605594
788863024
100001741090243
575400103
100001218405143
1392304434
100001020366358
1631402184
100002316363839
100000574463139
100000752330191
100003021363492
100001426513986
1059635133
100002383517072
100000289533715
1384398028
100002997033222
100008087018070
677026909
1710728895
100000209629568
100007714113944
685427669
1571150927
100002403175018
100005914443625
100008038087483
1616498951
100000999733766
100001189213129
100007804723886
753672994
100005949362534
100002259135100
1801879914
644223655
1110763291
1493048095
100005021496990
100003184440057
100008248695125
100001990187467
100008208702263
100000689425043
100008047030741
100001589881287
1254118091
1399526816
100000415738252
100002404814903
1090120637
100006925350060
1046228468
100003801347351
1772662778
100000217986142
1675581931
100000354470777
100006560794324
100003013345013
100000535611741
714275124
100002216658724
1440335508
100005836446587
100007060836372
100002238079318
100001095122339
100001824127893
1126484262
609270907
100002687063902
100001804030145
665958897
665500879
1340851718
100004571764595
100000242731537
1831667753
100005012883760
100001705115856
100006084425945
100001139233288
696776213
538368795
528984296
100000261725360
814934147
1121247769
644279479
100000340231694
100006231541185
100005162650667
737625418
100008358438768
100006770862409
100003398469339
100007711664323
100005626482924
100000109482466
100004451883204
100001974295744
100002307041329
100002836103481
100001684262558
1808416966
100003577836333
100001570203995
1026973778
100000307681017
100006790115509
1788027209
100008105889208
833750106
640103562
685009951
100001716244801
1137291033
100000543941355
627372290
100007870052775
100001160233042
100000976513251
1095392365
100002355985605
1059312619
565093087
100002359132066
100000650493971
100003676811376
611808824
100003794496105
677782617
100004987443866
100001167048807
100000916563147
645698266
1225078509
1003891044
100002756792545
100002855824764
100000699753868
100000795650616
542827463
100004223523716
1427962107
100000570379992
100007243332718
100001570248966
100007997078935
100005166990834
1348985590
100005986230510
100000170825985
100001468130943
644742981
100004007409730
100004959520077
740587918
100001465849391
100007989006686
821794697
100000560012229
100000278191214
100002654092006
1136590600
100004359125477
100000563693848
100006758051027
100000444387542
634139001
1122347420
100000405412963
100006904720008
100008312560604
100001168736480
100000464748681
100006197231477
100003227201246
100001657749450
100004438869207
100000288613074
100003600644779
100004740101433
100004351083716
1043498058
1043360186
100002650555551
515884294
100002439841665
100008292073964
100000283250253
100000761145153
100004570352279
635316330
579021226
100002375683506
100001989992640
100006837761322
100001418524362
1386193535
100003318643516
100000071713302
100002255980776
100000214130781
1234428198
100007898826119
100001314938867
100002187231188
583452691
100002572553103
532162815
100000482205906
100002372372422
100000219698234
100000745401145
1519580932
653920837
100001396242128
578169330
587782568
1478752251
602680310
607418758
1842940641
100004326785170
534362734
100003535706252
100005309826122
100006734225873
100001219932773
100008179170862
100002276871893
100007898170128
100006275860108
562959388
100000499335910
100003567521665
100002241159653
1713710945
624963224
100000087644378
646629599
100006264883234
100000346543462
100008254724420
100005461262273
1041342710
100007089540601
1596724531
100006437942255
1007329095
100005107782620
606146434
1412524578
540691033
100000067465312
527792212
100001725251023
100007311180485
1392947269
100003662127175
550644305
100005686119068
1446933765
723764855
100001278440007
100000756309123
100000150133255
670728096
100001202404106
100008022513284
100003361547383
1059708263
678977114
631048482
100000631170387
1654013227
100003330038261
100004332343302
100003341608068
100004259165332
100005930371916
1248028261
834576307
100000109848830
100003922048314
100002629913099
100000357752194
100007270020639
1785457126
100007294050582
100006054906699
656539471
100001144035538
100000337420640
100003720274642
100000540455710
100003838944337
100000140127875
1496829641
100000197195842
100002042749538
100004090401401
569765386
100005668861116
1544286524
100004097812601
729394470
100007969261434
100000478761032
1640823549
606348607
709793861
573226121
100001867002004
100003662960459
100005165136774
710526536
100002251865786
100007094053774
100005870618796
100000557704086
100002257456799
100007262436875
100002216815164
100006220110518
100001971328925
100007702749886
100002108830476
100001607221667
100002478802386
100001838943217
100001106058770
100000251697246
100002812759408
100001085331662
1234176997
100000534764015
100000415891116
100001864642870
710014622
100000914012432
100005812934516
100000952471901
100003908356335
594774891
762444439
100007851727745
1448354088
100000584352663
1443456970
100001988454077
687326171
100000117503649
100006399041214
1389810753
100006230525957
100007602482828
632589316
100007335912054
100006750905059
100001549745613
100005442192890
1380588826
100002628994381
100004432814510
1264399832
100000430968952
100003246697339
1044559735
100000943777402
100006419161862
1719769749
504867659
555308465
100004325011045
100008313600505
754533525
1495333242
100001696865790
1583469270
1415494518
638087227
100006765423686
