1686632862
138893709613490
618596305
13457463254
102148036556978
100002268459761
100000005217649
122093814564174
621572190
1040817377
100000424650402
668472846
1049702174
100000025716979
100000494525208
76815439089
1491737707
538833907
737105379636179
599369249
100000514907290
100000176722605
118536194843625
100000699175088
297506467004388
137481449649832
100000705835382
459263050793609
100004024733712
618351775
1361603198
219819918089278
547570557
554806203
1215245920
20669912712
1317694927
584267155
153735728000957
100000155654448
154001994778124
664101703
787578546
1045702880
527756329
1561946780
533077268
1612682333
218902348239128
515840884
167831856618972
100000137241746
662662566
100000695405601
243077769075221
766299815
100000230937661
1797734415
100004055400576
117533210756
1780581394
554131207
1796967990
100000533986204
729212890
100002346188241
1233859387
1358766364
111192215588200
189191241770
109084602475397
607038463
158946040819657
127275520642225
36143771015
699703401
532021299
16501652102
100002256734918
138645816433
505832839
431744650466
100003531937198
100000170035182
142185099134114
118713698235165
121389167937610
97631441273
25668480020
236682456367093
735289160
117774878273347
100000042191246
732148363
100001148827919
709796915
251828751605129
105592136278305
589995647
100001649889686
283743068304943
100005799275162
100000768868435
678372953
100000026505445
555311412
100001223605384
100000349710993
111340235565847
115816835104562
576669866
714387659
519709856
219427761446100
160271200705632
1069076482
100001185391023
722529632
100003217714366
610626028
610349823
100000630975021
528783315
242604329206109
707775089
85556797741
152959911380777
93151506051
689767427
215765961771976
282736008514241
100001176726369
431475513545552
158307244279033
1302563221
100000795727363
100001156486961
743367808
100000816281732
322965297788273
633002639
100000569132765
359652544093917
436972416360800
279099182103698
1178151226
1455653634
128903633948378
319165344864678
137778856343232
145069188859297
512232634
1806365832
1788295412
1686878069
100000234225863
368537749868396
148269291898987
114508408585438
100002036801995
136070053200006
104958162837
100002264884946
121878631215798
637474933
631876938
100000492561149
1043915341
100000031115550
753198604
170121092827
654316928
191187460289
758788074
643858841
795379773
1247667139
105930651606
1361096858
556211669
100000222514777
1032381062
179803558801960
211953642253403
94724837471
122184984491251
419786854753999
1707265816
100001667608811
134954719940268
18658822510
100000012283034
201345953232355
151840883601
708714320
100001358816345
100001314452506
486938884659901
100001760211586
1611163941
204994592848358
297196406962536
100000235021775
669311763
1289803130
1485871404
100000867923996
1815319577
1655262709
763710110
583348465
100000427421670
1609226581
100000244583289
571698955
522978258
817328064
48382669205
700241135
100000674452292
753673482
100006813336184
597764592
824862862
536931686
1361424999
243010929083143
31975232581
1204392553
100000138083731
570719700
171985869519903
5836432901
566298742
226455197378026
274361749249640
67253243887
100001151239105
208821047648
100003683576413
617988993
611639589
7144906559
688871661
1472014019
1280988637
1479671190
698973557
100000776900258
621101611
534032484
637453444
1717397817
1722227046
134447459898683
25377640864
100000457287500
747827971
100000145702817
1493130713
1258361620
100003132471588
738232653
106676816050890
284095758288380
788289224
381381048594712
536647223
565697453466694
100000754324289
564856692
100000540927640
703004973
100000014391796
390739927650379
100001512651590
1678462231
1309654381
516053801753611
715214456
649712088
1299789284
1572837123
95181800661
771288970
538912509
476291602399645
732398215
67920382572
52600182835
645209147
100001548021604
590081704
1669015147
1630993001
16126780553
99426254891
219808688070361
139030106112011
798049683
558061551
100000454675987
605967979
707157452
119921254687750
100000794929509
154420591281162
724195549
185438767170
584792202
269967596371881
665272362
1659796751
100002364982626
20528438720
1047911421
1200524307
138498019667409
403860876346398
100002645661797
774099677
792921879
100001511650934
521805244
100000454612547
564088077
139897999492770
635648748
59024478936
671395488
100001168784564
100000380778660
1367873157
282495201774466
10435416547
343923415706121
1130705522
1144230530
100000096842943
56001191265
188991601140026
150286021650951
103256838688
1121018516
100002307224666
100000457278835
100003877122250
635616681
574122289
55908074413
153102486178
72582572440
41153212931
1115615556
659296709
746155716
826060203
100003108172002
138343589542
236526819733976
753498739
100000241989031
100004321594530
543536814
1382656854
100003184510802
1792764423
207711572608867
643162772
90111272785
176678252464215
453261888071025
244373228925285
139165752935522
736964938
165507888765
1499313978
703601642
144105014310
713177396
100000001815904
100000926239666
170681149770350
100000566577684
600882980
430340320334467
139697539408531
193395887470373
1500127881
1739514228
1405303076421245
614251584
100001147257053
425465150882368
1702284775
100007990838081
6053772414
139021796235698
383159204571
100000613115679
100000235584308
1832771599
105412622945428
662638919
1128734376
551431888
228101567278291
1438471435
599549662
576080242
100002671224021
793669436
1046263014
100003147962488
1023352759
355242851212368
325258190922530
100000385989637
100000056269320
102690390566
239839686054245
697489293
706849682
444772135590554
100001911658465
100003100858735
727937885
8959695308
211217048947997
1516540486
532456237
183583558353851
605043189
100001296751107
715122951
100000128208751
560830320
703336622
167619793287271
100005071150396
100005265731897
100000720999804
100000108884274
1502982711
100000224528312
81958664405
830287269
1031865670
290045836822
100002398204260
606776940
86862329689
755979743
100000189830538
100001186322674
100001659076189
184457101580467
623090085
1300151001
1635465391
100000515866964
100002835823658
100000168266819
644648324
100000188866773
606305870
698840751
100000144078756
100001505596261
794539865
763018252
576864808
100003679495273
100000352711992
100002226540521
100003053436572
691567977
1612870497
40555400582
195799657105195
325657041125
1681639151
1495747536
122985811120194
110220285668297
566549713366262
1252970663
175205452543151
594659751
100006331592675
183649111718255
120143564703789
100002989301683
263660543775681
147096333696
114219621960016
126398660715769
522389380
100000069791632
112056348840975
100001468865879
100001088207631
1790363468
1397146875
100003507027683
701759459
556292690
100000575073551
1289697627
196521743700335
260271044068436
523141377805176
272877608226
668812351
100000205112121
100001654370587
100000597408695
1449153189
100000135738316
754283189
100000227556510
560065595
100002090034777
631447403
100000740613954
739025364
1097341577
601309607
589648554
534321894
649137523
112990256771
1543189309
601114999
755483025
100002460743091
837809888
151436334896091
1056338154
1814808860
590812436
200969413280005
529360131
100000083675757
100000005626376
1667040406
1438765254
100003192195937
1843211743
231682583561332
47292171680
410056335753884
639033900
194476327278883
100002108703645
100002545269943
100001185764086
100000838041705
568504280
539950292730999
160424517333631
192784814073493
134934362471
98022669886
22092443056
191921700135
114666742062337
114640391924177
126840774029654
502856379811046
212186170934
1432997554
1317709020
100001009398112
410076945732000
183530241682285
265350516883491
560716373952164
1137511554
1623947614
100000436850610
10137066996
100000101914596
100001193467187
731226326
100002300454700
671154352
1655140804
1548848689
616663163
552400627
201109206663266
100000975120334
428237943889099
100000916231923
54920093068
1833589427
100001961212558
295390400992
388976114492513
1130894560
651137890
100007084441455
632275419
1514523058
116553147322
352992807076
106104242758104
497974470256676
523113602
236424069799458
136217129762293
1020903021
100002577515783
807514486
661561819
100000670040088
100003391090837
305608922798575
572961345
640812963
165731813448309
100002407533444
1117656985
57576345235
164593460380643
560500606
199504650087085
5870469604
100000216663267
526255186
684240660
162915073898119
527463516
616077934
100000313342194
1810770759
146339205399230
1031777860
1155600828
534551765
1431156317097557
1814760193
734163869
100002647090864
100000446454849
1644704275
1287622414
620909281
100001846730239
599064317
125248617530449
100000211599047
875960472
332615060101432
760534960
126374854090121
692951730
1421574425
114001236940
100000597373121
1690254611
760255155
1020903521
33331950906
1027847722
144509695695985
731107107
645317853
100001859246294
665640462
100001444034446
100003965593450
709017348
100001413454105
100001845776259
100001435476792
606403525
100003032304447
100000112429996
100004842704156
100004458818912
100007509701340
100004007488595
100001535843058
100005204790276
1034350501
100000860495318
100002443684968
1413001667
100003526201351
100002504282188
100000898252134
1350225927
100001042025719
100005114293008
165927330084664
137588203024831
648469026
158461557581107
100000504165638
100005975171250
645523911
100000643931783
550165949
100003625905672
1479889376
623515822
1828200161
1244190967
1618001894
100003793312921
100001092308146
1292861564
100002168775003
612011398
100000192915107
100001519422953
731593044
100001827022129
100003384157055
1755624903
100004192784074
100000565105989
519937020
100006709141714
100002965861818
100004665792283
100005569511463
1333973285
100000313062289
100001600522574
1005663047
1311232782
100000420262750
100003159361681
100000569968334
100002942969206
100004098579129
682027704
1651695880
100001274385803
100004761787947
1066816513
535963593
100004717412450
100001101396364
100001665949826
1212448418
1577236300
100004319490013
100002520530624
1709492162
100000881171289
1221841751
654707353
100002862748847
1333474219
100004651741880
100000483414457
740483656
100000206677504
100004709761273
100005883794523
100002326273113
100003112851017
100001881266261
100006097952135
1015093933
100007023940964
525802949
756447341
100000049552250
248972031885332
100006456418885
100000260005192
100003637589222
1139994616
100000492656225
1489599866
1759016898
1754299605
100006162845600
513693714
100000259518878
100006441322930
100002270526318
517497620
1295040504
100003766053848
1460272773
100001057263619
668442207
100001394945351
100007179456699
100004031348406
100000965670561
100000915753005
100000395259337
1832206945
100000807064482
549102694
100007050935546
1497112584
642639253
100003757219953
1114759580
1475642934
100000464469230
100008159501557
100001842276813
100006518505374
695623557
463058317127304
600271248
100000687856669
100000229964480
100001549721307
100000397286788
643970518
828433568
100006431876605
631979713
753716101
649230472
100001516156324
100007031621379
100004244893246
712594387
100002633476263
112413832135200
1175437502
100001900445486
1064164961
100003032590490
100001850478055
100007566813439
1403010936
100004161937045
538146493
100000192289678
1798428821
100001919334739
574726051
754304869
100007092127304
1453987549
100000527740729
182710231892774
158399701017506
802464697
100001639556163
1381145724
100002117329780
555213183
1599074566
642548665
100000420270968
560635322
100006014474057
593745491
626723271
123581824339434
100007780086525
100000526374351
666763831
100004328502544
100005014632972
100000641607897
698943601
700694361
604035419
100005006190046
100000139715926
100000877556478
100000766420528
1820937900
100000715086946
100003497687917
100000734555255
100000003554298
743331242
100000132925635
100005901701299
1624572633
684282520
557133287695356
145368802151281
100000708630176
100000664436121
100006277384623
536423034
1079525678
100002134038089
100007184880836
1337949741
100003681521014
1580557371
747713127
578756934
100006908675966
677659084
833647728
100000693605015
100001380036837
100001222153522
100002201143449
100002341639484
1444500899
636629680
100003623868953
1639251622
100002234983943
100003499554495
1365930969
572139903
100006747842629
1821454954
1641771625
1061352601
1579812875
814584428
572731100
100000299743717
100003708348720
100001837749174
100001132989612
100002935356177
100000172660391
1550505623
100001390560664
1401033988
100000118024567
100000819093176
100002947264059
135748000675
578033852
547088145
100000119587582
100000146890424
1478523388
100004965671451
100000537312559
100002626463766
100000576918634
100001371356645
100005499337184
1624843920
627134219
100004175439610
688788504
100006594279232
100003792311200
1533818768
100004324051609
1015614409
1608204086
1167956929
10674968427
100000301807111
100000553960367
100002269990730
503041311
100002620632563
665749221
1175084763
1467558342
1782336728
100002090128708
1783598485
100004789981644
100000178931332
100000419063237
1623781141
169425863094477
1502605868
536994690
100000530290530
100002153601144
541916389
100000852639201
1229693267
600090266
100000964683402
100003743770460
100000755475277
1651563434
1585152508
1106045997
100004769705763
100000809791468
1798624291
100007092992073
1816187248
131597756865932
100002521088442
100002577536658
100005413416029
1694481036
100001696472739
100000709595422
100003864497361
100000688097637
100007312146924
1591725590
782133048
100002397585782
1030728678
100003211145249
100001550670628
100007262799811
10150104484310111
100007850226761
1056923788
100003163887096
100001148473481
153311921400310
100000555773133
100005180170319
1455255542
293259244155015
480117408774222
700571445
100001164054735
100003777324995
100003103584659
318246554978377
150755878315003
1392102207
100001681808556
1473931273
100000852672388
1018002058
1505479536
1606424558
1288346635
100006148478793
100005939774667
100006433612025
100005157306995
100003157727424
100001995668284
1244528164
781294444
178176374088
100000621591434
100001106558778
100001379631907
1241241390
1027693898
100004968401653
100000634683231
100000531612589
639053496
532436871
100002203940277
100000183937966
100000232316262
1205031301
100004141267851
100000847456730
781590462
100000752046015
100006704794054
1478342693
1213481774
100003235918333
100001717738659
100001109839997
699122206
1338223761
1067777958
100003620842711
100002524813454
100006433152320
100000681035292
50029309986
100007622766412
100003773756813
120201734744498
100001165917863
118556448182954
1353486744
600209946704870
852149625
1215815955
1784089547
681298294
697661612
100003146846173
1381133433
117016748342419
654899388
100001577582234
100000858035449
1106140963
100002581623036
100000547929435
100001202075589
1681268543
100003165977372
100000499344419
100005632445137
100003478684337
1449195006
100001196417042
100001848216826
100000409936525
1350588832
612234589
100004774416884
100000984538634
100001070872628
100000437475301
100001030012337
100004959544325
1210265821
1233491267
688645458
100000446456262
100001376239799
1076762645
1069762695
100000465042374
1812786869
100004679910277
100003889557663
100004603565793
100000971771705
100003034902037
100004943174040
100001020366358
1507586882
100000493824677
519471221
100001997769301
100001507811647
100000180835593
582566664
100002146904636
711186629
1631402184
100001289442665
100005569119605
816233916
768779812
100001688259040
100007154615023
751020428
100000187947943
680171810
748936981
100001849648803
100000525441486
100000199710939
1489848508
100000021723981
610498797
1005000169
733087580
501618920
100008099503784
100005314836421
100001326843980
161848477165558
100003788635835
541203933
100007777836329
1500881758
100000882106392
1845565397
589848529
100000452094720
100002525244042
659612840
1362489057
100002154541512
647016422
100001022455676
100001617077271
100005957230261
720450603
1092076766
100005086110619
1353782056
100000858540431
1517157711
100002697533678
100002415073299
100000589352671
100000443657434
1829366985
1020005607
648874967
100002327614862
749804355
100004693412908
1663188200
635334288
648631101
100001317824120
100000055340752
100001628255068
100000148168359
686042528
548126576
101978933230493
100003483829398
100000169460389
100004154464669
100000987555070
569714784
626787575
1569091654
100004796769224
689318710
152228778141522
626680177
1296773887
100004283472109
100000458869705
1035915014
100000125312886
1631528630
100000684206575
842544237
100007573517863
725977169
765238248
100004723381104
1074621512
100002599703833
100000242825034
100003527921546
603661904
100000197557703
634489154
1086691636
100003873332642
1050693681
100006654614093
1076550393
802145300
100000919827987
100004410703308
100002317292697
744012947
100003751070373
100005207316598
100003954844094
638798317
100000807033145
588099890
100000431263737
525664484
634079702
510465801
205987246114762
110271223394
100003369729255
100001554775941
602289075
100002423396565
707101347
100002266989063
1755961954
100003383214886
129829153993
100001527021551
100003510674664
100001667872487
100003878385976
100000750338802
723516794
825828663
567907603
1414047064
1166966354
100003117662140
1158274639
100000461676726
100003529755708
1243138144
100000244972392
753518211
100003179619377
100004082616202
1558176870
100006185434842
100004761600368
100002408053365
599926539
100001207873392
264733260315841
100000660251541
100003759506204
100003050238008
754633872
100001655704987
1034491453
1571150927
100000146410279
1116044810
1615427954
697392894
537947828
100004159393838
100000540764459
100002062333713
1106642938
100001891145661
45309870078
100006523304576
1616498951
100000254721138
485881304768684
100006623524299
100000896111154
717572927
100000278833464
694608362
647079151
100004143969835
1321020635
100000571234874
565189052
100000747665260
100004404182246
100001044764018
100005433484913
685407462
100003239719476
732015347
100000638130376
100002083160515
100002892913539
1430526755
100004461491806
439245056206497
100000707482824
100006231364910
100006682928122
1031931702
1194235373
196619257037937
100001145523396
100003854397789
100000897754876
20531316728
745022305
100003448195748
100001714772758
100001855948091
1482877609
1685164449
730395209
100001325050920
100003953464636
113770598597
100006180900850
100006983982292
1609760729
570808992
1558864401
422095101176754
100002464518871
734005820
100001075921801
100001510003744
100003572284800
1024720342
100004939952779
1036057479
100000502721046
525693643
100003743961348
100001195123927
100000073212523
100001620283387
100003483404860
100001046810896
11868933378
112638779551
1749668392
474014635493
58352312819
100000126308773
100001331390337
100007935813570
576786807
509656217
1838589742
163488327022617
577270694
638013194
100003372152573
100002275832695
100001610962104
100000419562208
100000769460411
100000296447227
619949841
528416486
828665533
1232640594
100003174105327
100003737414996
1547719374
100001657400370
100000560641570
361992263834380
814659618
650412856
100000895112716
1466635543
1067564961
703565056
100006380105944
1358082355
661248615
797040426
100000018656984
1073332596
617657671
100000202690605
631915705
100002568255102
739480938
100001386800808
100000567896920
100003291897589
100004200970885
100000265682292
1801879914
100000921148803
528470317
100005442607984
1236847129
100001372085467
724529001
100001924096359
511843354
735307527
685502975
1577118676
626457348
636192185
100002696434215
727605000
100004801803467
1816186375
639950690
674528707
1010111232
100003055376714
100001068391073
163625877003748
86642792654
100001679698545
154367152164
840917721
100000066682186
100004280376601
1810352856
100005347926059
536241059
100002025762062
100003940633623
1493048095
575528301
549771270
1429729296
1619850734
100004125423194
477218992290638
212275426004
100002338324699
100002345853726
1666151101
100000676413570
100003040348847
100002204800969
100007026723960
1258751131
100000593841145
1135825209
100000267610279
694031199
100001501632981
519871005
100001710750227
1805940999
100007964653645
100001373744458
100000469546174
100000697418687
1818892941
596245404
100004787263454
100003493544507
100007163975671
580890674
695809170
100000300640337
531183969
100003311077333
1072310227
795600111
1051002175
100000118370936
100002213502719
100000929915421
566108438
100001701725183
1738827271
609240378
584540572
100001424810893
100001975491656
1037033526
754663053
100003096697697
100002293197001
588880136
100000127024183
1204655739
237435966284448
667496163
1807180638
550339205
100002526787484
1291776715
1253906414
100006068890761
1242422256
100004129955662
100000946736704
100003655076658
136134099790681
143107675701396
100006571123582
125762892900
100000466810971
100003359482398
100000685350324
74801323026
168783136470061
100007117564964
100001069003121
100000258289819
554766925
670111454
100001897197349
684718261
100002871050300
100001278825635
100002193967807
606328656
100000478237603
100004110372901
100004209100858
100001009788482
100007683994063
100002364886164
100000524414326
1672836594
100003220810828
100003822773788
520457826
100006089460008
1223988525
100001458404135
100006430334246
100007841529019
100000706688519
100000698181048
1817780422
779436652075458
100001443866617
100001149371800
1736209344
352966956534
764097079
614073480
100001066044782
100000025296083
1537569589
288842917848325
100007052880021
100000842034125
100003056681335
100004152934594
100001470171625
121791741235220
100003812927655
100002637582860
1116078744
100002825204994
556531574
100003219767533
100001956410753
1158407992
576289984
100000294053317
100000198381052
100006604112209
551955869
1772662778
1756155333
687709411
100000961541406
1285572456
100000639219250
514589682
100000295974142
100004348082273
100006816368065
100001547684691
1365342408
100002982543486
1503687364
100003241513093
565614438
609600609
100000113065651
734808334
1444245018
100003632416841
710729808
759938496
1621236095
612309243
1373345675
100001490864067
100002383034794
100001673405695
100002158866002
721844079
1106165619
100000964851311
100001020513870
100005223304387
659950935
1747925990
598064975
100001291660498
100001064762658
100000397434641
822115187
100005971894677
100003013345013
100002557888198
741419040
148484168497341
100001691703210
100000866644221
100005499816385
120199501396427
100001081838021
1511194434
770417001
100003512536183
100001644314845
100006749379961
100000378752688
100001490760633
100002065052119
696103619
100005318831789
1047588934
570677539
661901383
552338320
100000136492567
100002462052845
1017376617
100006693914059
100003497766286
100007060836372
601391566
100005703399724
100000441828027
100007063175205
100002632294581
1549953909
1299151848
100003902637861
530419513
558100880
100000750574252
100003473301970
100000532675047
100002341648585
315349195173107
100002161822717
100004093100980
1018359011
100000530923839
100001524941919
656192452
698694384
100001029587823
100000087664504
100000413994389
100004680371467
1178512711
1152803939
100003877185176
100000854248215
1234015443
676122494
1137020607
565156976
100001804030145
100005898493531
100007482936541
100001319514530
100000151768808
100006017103986
100002327702328
765969128
719287598
100002705364686
1682318140
1114762830
1646472197
100003649691129
100003145910268
100000450805816
665500879
681348296
816555572
100002669349582
100003807279448
421988787824305
1045413407
780019037
796650272
543230820
605806308
774097811
1538976568
100001182967930
100001357191369
766235371
100001035051512
100004986753204
1527256094
100002741171933
100001013949262
1666464402
515118002
100000417381466
1706719113
100001604357395
1062168122
100003738715425
581136260
1537703125
648073874
100001286165583
100001024678886
100003955356573
100000684317462
100000805726223
100006805327801
100002382258805
1221382615
1130754304
565132381
100002358843419
100003555763762
1155710512
100003183832848
100007966595819
100000332248954
647193499
754276865
748193484
100006236705232
699212829
100006408427670
575722226
100000260171594
1793440436
1230842963
100000561231159
574154827
1610183428
100002759352141
100005008957592
100000485989725
100000726755220
656263542
100000411671357
100000915261584
100002047497252
100000950419241
100004041911598
627966098
100002312883752
1121247769
1534088761
100006248403430
100000679864359
100003896888030
100005113173537
100000022404859
623618540
644279479
581622900
100006412810263
100002408552325
100002551258787
100000688288069
100001525687034
100001910001479
592811919
100001861713116
100004877975827
1388216928
636019121
563887907
1495426577
100000215597772
1421799797
100000735311247
100002012624689
586226183
577744383
100002468270700
100000903585286
581713275
1453505439
632894883
1427327570
100003750860084
1609673341
100007620634638
100000820217900
100003802399130
100002599677153
534163639
100000951905778
100006844723702
1623168395
100003297570010
1101836402
737625418
100004759863139
607245767
100002133471080
778868056
522909876
100001256542940
100002045284422
100000917550517
671017199
100001221423071
1269515869
100004443391306
100003309765091
100003032057595
100000513366975
100001607437474
100001283104826
100003282883795
1423291484
100000026680139
100003096366119
100001565460701
1512800717
646383788
100000616832857
706046739
611769645
1373258825
100003587065218
107064552663824
1562314027
100000527469277
100004954894769
100003078323980
1201546273
100000075451900
100000126455606
100000637562783
100000924762560
619508201
100001289887802
100001294087785
100000130196099
730778460
578819834
100001861501979
1567176869
100000725178964
100005000162658
100000654057898
100001202115589
624872190
1391332243
100004707362038
696046386
1607191808
157899204236613
629643883
100001068638328
100001911894790
683292966
100000215556675
754995633
752561727
1685796935
1262799652
684278092
100001401536497
100000194161865
1106704706
617623180
1487443202
100006426046661
100001190715861
1537339440
222570995579
100001184545141
100000222368338
692304210809646
534202860
100000173963059
100000401621460
100001946399082
100003368706434
1334912789
100000861610179
1604713801
699608421
100002442725468
100002188332848
100001084247700
647312095
819344991
100006922684457
732933268
100003730113729
100003170087021
634285148
1082629422
100007212810561
100000208898126
566964648
1099298048
1459132566
100002988613425
100004072604588
1815087830
100000876868084
760421911
100007055169889
100006583420581
100002823328303
546122744
100003855789733
22677758689
100006926191919
100003181968783
100004271918730
1832948084
100007666119071
567913740
529215781
100006635711635
100001538166806
624544384
767059044
100006033663658
608259268
625310836
1467870717
785159269
746283306
100007513290566
595087466
100007129203387
100003920402580
1789625956
100006767195048
100001110602643
100000181621706
100006815435706
100000162370216
21454581952
112053352287809
751169173
100005690053152
709291297
112256242182927
100007050873774
1002129324
100000205730674
100007350485213
1068307090
100000243192976
100001647338847
697247149
646382604
100002340915831
1537714131
1679841237
100000800160396
663395267
100000251344779
100000232004656
1666942137
100005385824582
100001033231014
100000076380048
712508798
83262728759
100000393094781
1799742294
1249883903
100003706618904
100006566983901
100000045116562
100002080125905
601877594
1479243812
100001702541807
100000039001976
100002381609048
100001000393584
1137291033
100000543941355
1506207365
100000490298415
100003325898018
100000308465979
425807934212510
100002986418906
100000080905520
580113158
100001086105460
669318176
100003946214640
100000117052292
100004150238026
100000834931646
100002674963173
100000246339781
1408046419447223
100004953690073
100003130913321
100550555827
269465599836899
100002309594636
100004628442056
1519074511
577723828
172185622794640
100003539502787
564493633
100001693435746
100003262483845
1095392365
703047697
100000072173461
100000759680436
100002963499594
574631298
100002881555960
1221422933
1042744080
523488559
100003499889025
100003928212234
100007481220063
1081541300
631103860
100002222028706
749101252
7724542745
178035492252676
1602650679
100002268426073
100006507400927
100001066042840
786203935
100003175809603
100000647548779
564654951
100002908083446
100002356995929
100000705351761
100005131713892
100001530363942
328568797206368
100001643402530
623097410
802053227
100007773451939
718271688
1043497593
129522627076360
21609611713
714342010
612960279
627497721
582124135
100001497377943
767186382
100000272923389
100001421569838
100007312321070
825964939
100005510288575
100000696317207
635314702
100003449839936
650811840
1346777311
543341677
1371229537
100002625947465
100006924246882
100003761662578
677782617
737946303
477338218971264
100000562425468
100003849156201
100006308084177
100001302368056
157162220997026
100000853038641
1546950704
78542847201
414646378558039
179108058790478
594913384
100000447348289
100002935230867
546927714
741822473
100004504267363
100000916563147
100002934614750
324341071817
100007065395667
679266293
100001465140907
832133145
100002772294539
621238126
1664497338
1034648037
1049555840
632411482
100004646643802
1352528886
100000461162972
844129524
100001034814281
100000702056590
100004896399933
100000066043662
100007907795399
647583008
579973978
260012884055691
100001040956953
100001374798693
100000180320983
100000129561697
100000222513312
100001613376232
582569701
100003272788560
100000210243797
1225078509
1153478028
100007857664840
704577846
699094680
100000990294714
100006610381947
100000663450402
1285953388
1023652907
1507952837
100002365602404
595834225
100003821714843
100005183886382
721299331
605952944
1325251340
100005097332202
100000987302009
100006603579743
100000257424006
100005819653669
1527722433
1188461797
100002295762355
100003780543875
630993612
100005269981193
1286060356
1003891044
100003967962712
196617027174203
6788957003
1027774814
756500470
100000661834469
100000566384187
100000426088399
774463487
579122758
100005767030516
100001451745082
697004067
1032970721
100000067332199
100002418165681
100000178362560
1224019086
100005016787952
100003793709147
100000799450477
616674793
1615747766
100001790657331
100000912131116
137915002926879
100000960352815
126004704190781
100005706254251
637183448
100002503531076
200230072162
100003277737586
1301815603
100003179613342
100004077302936
100004652407871
1544482491
100000681489746
100002680781469
100000087048865
100000329089969
563020373
607649788
828143631
100004489561239
1699552984
100003880816826
564979201
1052991749
1504056302
100006611311742
100000526501213
1669538655
100007575730296
755515131
798799081
100004606478656
1599907129
596847988
1629548478
1531749086
100001091862957
100003002831696
633852648
100001041523323
405880536144465
100000570379992
1550545652
100000176967347
100002407468775
100003017679254
100000241192951
100003990877290
100002450187030
100003246817779
100000004356056
100006685297365
100000412877677
719993951
100000097764184
597859875
100007243332718
564137733
610856220
1560558907
100004149721606
592666858
100000911803323
1047116230
1055701248
100000991968462
100002324378057
100000221034816
587995274
616100904
557688300
100005632506939
100002533018403
100001167336598
100004247945564
609490125
100006973243346
73599678066
770932794
100001691134452
662015207
639589224
670321623
100005063106493
721133849
100000316047855
751519794
712212184
592280428
617385260
626373522
100001528932083
532498404
500859692
100000598568327
100005036340845
100004038564094
100000502328037
675674902
100005880633907
100001847041833
59420116388
100000138075533
100578178271
100007897412056
1525134254
1319122470
684077727
553539163
1534459619
1233572467
100005018678668
100000170825985
100000917293196
830723834
100000283418609
530282061
100003011093344
100004933903745
751994961
100001468130943
778454425
100000711786537
100000411386229
760108751
100002521723509
100001301970522
1592657008
1457285496
100000734297197
100000054434960
1614281710
100006543193551
100003830798081
522108111
100007546234000
16741359797
686158026
100002708511247
100006594333538
100000320122033
555266551
100006933282469
669326338
100005894887475
100003702222199
1200505279
100007776764284
1844385445
100003200582272
100005244342009
1196793917
579012911
1599174393
100000957889832
100005293116838
100001677728943
100002505096810
100001810789753
521760369
100000490361886
726554159
728878266
514109259
679547200
100001489336178
100000716053681
648918196
753983183
1110121453
1083587313
1043351315
100003014929618
100001284093848
100000996068075
1127584662
837394814
100008383027600
100007681650219
100000165170428
100001133758489
100000841002911
100006691389522
1255217318
100003271971642
100003849887704
139511646066086
100000226322164
119241174807079
632599876
100002629009100
100000085273114
100006189152896
100000545250277
1133263061
658429513
100004558180545
100006613394423
747120047
100000174240906
176017608539
1574551137
100005290600272
100003632472713
79959876540
174556789300934
270208243080697
197687763682240
123980741859
100005758424395
121930497861753
100001263327961
1527028394
100007302129935
136502036421723
409430851062
100000901860529
128075209571
100000310724855
100006519228134
651774161
100000385328577
100000572644716
100003555364666
100000467816122
1065703803
100004670585365
100003647725055
634529362
1625829564
1468230448
100001462284524
1799965601
100000000092124
100001663297613
704335093
100000510078766
590587285
573719754
557687432
669076037
653646231
100000574686340
100002499453455
100002980291516
1241324117
521902350
632457878
723205373
100002291388959
100001823757742
101695673204322
100002719035998
100001779275714
1803108224
1485510180
543462173
1071600685
593919673
100000545857460
1119702771
100003498440285
1821426850
100003262556571
100001174496477
162435013962344
1808632393
615981638
100000167527249
1154921918
100001998503434
576733823
100000201464754
100002406866825
100005065864049
748001006
100000989903895
1756763410
100001117472844
100006059435399
100001168736480
100001179907615
100000537535621
100002414383314
100000338430145
764169590
527751673
100002340709543
100002317653283
647753823
1219430094
712429098
545716739
537438814
1525287836
100000151331277
100001179351300
766663624
100004290220027
100001723804913
100002299920043
100004438869207
100000566577673
100000513080894
100000486763852
648135454
1420407126
100001925642677
520235875
568356304
100000125322673
100005826966271
100000016710952
567749832
581176323
1595273235
100002391439582
100001144449770
100002645764467
100000225811849
731468263
100000835563504
521955795
100000540807372
100002957793845
100003225469269
100006440460936
1021803347
1638709011
571965120
100004832466631
1548762271
1845207480
100001780191619
582754624
100001044193679
617831272
733127483
723034904
1800411338
100000193959373
100006013329772
1469501153
298548420249068
617720663
100000168564229
100000436233030
100002435707124
100004946280321
562893537
752639864
829980369
528155302
1016719703
100002650555551
100000297846693
1794981258
100000986938815
100002157261291
100006062103024
699636532
100004982048772
1828205760
100000013467592
100006588365830
112750795481404
100004673921232
100000506725851
100000440492673
245562153391
1627430505
100006600520695
100001031546606
100000157702701
100000328800749
625934932
704319844
100001554821638
100002076287216
1464369336
522742630
100002139499794
723239973
100003131135429
519838556
1278617146
772657932
1108339532
634140395
100002321139244
100004203814104
100002644117897
286874761414252
1125638023
638137054
588198620
100001882630880
100000890015305
100000156649814
100001354967258
574717532
100003885094407
1644365622
1097333339
1637636425
100006211624879
100003029563509
100005910545748
100003246486287
1021254410
100002960445388
630202040
1431789917
100005117953349
548445489
100000093105018
1103269415
579021226
100001320205542
1301074706
100000980602526
100000491082692
100000500020820
671315779
1074976490
100002968624678
1202642222
100004312691915
100006799089013
555590488
100001920320083
1560160107
100002620375646
100001689009714
722593399
651820303
1373952968
100005765796869
100004532646740
100000195611253
100001841468567
100003318643516
100000991515651
100004075029886
1237868069
100003348874954
566556015
100008349045717
1168768695
100005984044519
1078282364
100002413899630
726430783
100000201219413
633597651
100000373305900
100006513459545
100000304269339
100006252879317
1008547009
1375531989
100004798176094
1654015471
100005276893599
1828047691
100004967023318
702828980
100003115467657
583452691
100000049305888
638938319
100004903271272
694016633
844554221
100002572553103
100000975567788
1103562007
1772863943
100006655420870
100000649926747
572012997
1028247990
100002215640324
725237265
100000894669606
100000482205906
1169433643
663394588
100002596421204
100000219698234
100004183143079
100000050900394
610704870
100001437876371
706198629
100000648105900
829874247
1529847536
1102586624
100000500925041
100000487088277
100002559278931
686476563
100006619303856
100002481497236
603390728
100000621340736
1519580932
100001190288527
100000449313360
1054038996
100000449990755
580014884
100001367660327
605313040
1591719323
100001277233103
603365760
100000545779319
1062663818
100007044823269
100001606877183
572583949
100000687693228
1300742300
564828540
100001524106432
100005065837762
715648228
1310931529
100002497082848
119217075828
1267271668
100000488148243
100004423663809
100005221279134
100000608709371
572747389
705906538
544571229
100001623685276
1132757449
100000831862238
100001695176633
677932282
1644595640
100001861247831
100006575559177
100001876367790
100000169760332
1649920955
100000383118374
1297860518
1079858675
1581073949
1034158585
100003790961590
1642316243
1548079458
1418864633
686085704
100005326652934
100003613438414
754705606
100005596959644
607418758
100006670391457
100003725010498
100005898424562
623964353
100002531940503
100007252360771
796947364
100007212661590
100000481397025
564616048
100000242037866
100000260535888
1095897982
1308055556
100000621289239
100003535706252
100000104180191
646986173
1438149739
100001607058336
100002745085639
1456615136
100002120854934
1605960199
100003684765464
100006775535174
100007795451853
715224240
100001021231475
100003885047244
274107795997763
1427740116
577889965
100000023001121
100000006667810
698453261
100000598942924
100001216633004
100001495675675
100003648007290
100000171233494
72398849954
1465009774
100000492407498
100002003490623
572478775
100002573063092
100001041866122
100001245649636
100004834631603
100005476172505
100003390279405
100005347413083
100003150891211
100004695786583
100005844912159
100008103663766
100000101447666
668633892
729686416
100002043835113
766282978
100004788487417
100007378862064
188248754552562
100006310628895
745518204
1697788788
100005972525913
100006503583419
796290273
100004284249252
1408675193
727828820
100003909692766
100001209980671
1362700643
632546029
100002446625982
100000504058770
100002020563465
1546107263
1163463406
674555518
100001448740473
100003567521665
851129367
100001382650949
100006408311497
100000321540699
1713710945
716266853
100000488190631
1357364978
100000230294232
1639543184
530737505
1349570436
100000041374712
100001428407380
716373300
100006508489813
545363376
539055236
1451170334
531240815
100006732703692
100000087644378
100006655541844
651496441
502158842
731438961
100003189634539
748850514
1526809064
543293178
100001548904691
1337864268
100000115266317
100001432385520
100007795032692
728283881
100004656670794
543117183
724402455
1159103959
100002088668266
664159642
829275570
512757753
1393098827
646158100
100002443359678
100005656202587
100000246882121
1052305375
558299739
1527954415
833684845
100002979979917
100004907472821
754657930
840504024
1161063078
100007301882967
100000066893905
604215177
628310207
564672990
240996139423157
1028048295
1456587586
761719783
651680474
1028113216
729857997
100002338126269
100000147041106
100001940747390
100001325434567
753276475
100001075193465
100006878620475
100006666930637
100001042114109
771320563
606146434
100007587036587
1422441924
601867531
100000465970740
100005806902501
600870242
100003567309300
762981933
100000725152627
100000618385474
1519973019
100006827941995
100001069026033
100000956674401
100002129887777
100003451285234
597577952
659011553
527792212
1567511034
100005850790427
100000391742445
100002562145067
100000463250806
100000594768449
100008052099204
100002778587018
1392947269
100000377198118
723835630
1745838005
100002080842248
1148386914
100000802141311
1671985204
100003998275421
1552753517
593190706
100001508877507
583069475
723121154
1293231834
1159748179
761074018
100000366182326
1019512495
1626161836
629571361
829515506
100007888052454
609401051
1673798141
100001156112743
100000168180909
687962757
716498546
100000427752085
1404422035
624657627
1437812195
100000355598846
1741179576
100000001999203
774425607
100004054242901
100006559142944
100000496520811
100002713294612
100001985625722
112484602105034
28865425671
321710724472
1014474590
723764855
778245042
100004014617112
100001599262130
100002977452107
100001126476315
1402936152
431836826858453
1679041086
668245909
100000196523471
100001429326153
624113450
655027907
100004408320090
100000962349680
100002256308817
100000710224109
100000585259198
100001269502646
638565105
100005119986658
717502637
177616005620063
40659843111
711760198
1849361686
100004267531318
100000219208234
129902969787
100004525892244
100006819904522
103944372988172
128215757221447
120711267958571
647465410
180428105317060
100001897085237
100001159072849
1243537204
100002521676395
100008175459782
100000716791437
100002542795111
1479084396
100000278996239
100000716013956
100000150133255
100002915818351
840045053
100006470941804
100004363719876
841853396
100001393725181
1608213475
580682527
595944228
516200441
100000211899255
1576011038
100006359313799
1606546772
1013668417
100004446517166
782832975
1739701384
100001287433005
623920699
1717761577
100000476723234
718715618
100000631797839
100007748859239
100001200372009
1260095835
775560709
100003572285449
100002843056987
100004075514025
100001552820092
100000953161292
100001511495391
100004038071433
100001982638121
100002971845509
100003371196299
724763318
100006070361447
100007136734409
100006267581140
622515126
100005619012321
806383959
100002965858862
100000905574880
630938156
100005732767823
100002913981442
1102426732
1831629118
1068531845
1471137828
100004921024411
100000547868788
100001255830150
101622093221084
100003065149361
677890194
100002763170313
100000369851553
1620416508
100003639903558
1654013227
560935104
100000612311598
1496674416
100003341608068
1567482469
604446859
100000206582204
100003392282065
100002345827304
725408696
100004259165332
100000602463235
100001021398927
707542823
1039269601
100007374519034
1019506712
532810757
100003772700776
1434134665
100000779372617
100000887739286
513827545
1671753768
680396253
100001630866202
1421833976
100004214919546
1448050251
100003651319552
687771585
100000856017123
100006484052178
100002363619340
751569572
100000597835626
100001442054857
100002053410225
100004222867328
100006434728039
100001249272863
100001041670623
100004069756405
1600202518
738224482
100007760558985
699728704
100002024484216
634071999
524879113
1113653002
731422620
100001196212333
589272318
100002334120040
665340181
1436130085
834576307
892765031
100004897897156
100000057425679
100004245450640
100002944399515
674026270
100000293343435
100000750872158
1675272363
100001756577265
1022816277
596975135
100001749642436
1543771833
100001436926463
100006127743316
1495846161
657750346
100003911872420
818769283
1828088728
100002006740363
1805671489
1582022546
727626544
100003710118746
733426219
100000279507419
100003060892775
1261023861
1201705950
1183389176
100001157525905
1642942536
667253900
100004650481745
650315714
100000635370037
727978509
100003208046383
100000200779778
100000509025675
100000542927301
649839636
512857452
687089170
532062668
1053542033
100002005371175
100003510234498
100002073156526
100001050464112
100000519027519
1026336893
100001143578080
100005630881094
100006465416410
100005963581129
520084691352670
100000853947265
100002878842778
100003562039175
100001193229927
6352578678
137115480503
100000049683761
163386669677
56706929407
117552078313314
100002532608465
100007299544863
100001809845749
28011986676
100000568725406
100000004724653
100000772638630
738558802
100000914270833
100005019430525
100001587742780
1212382514
100004547408876
889565200
660466205
1043469845
100000888523334
100001132083319
521050148
679560903
619931207
552514869
100000140127875
100003291297090
100000897606785
100004697371084
1011682435
100006388952402
1244586753
100005311116430
100007384901249
564343348
798620178
100000964024382
100002611684401
100001085644166
1303783245
6478112671
100003191727981
1483898337
100001500087470
100000514525959
100004341933340
166552543455571
100000457742733
100002020103109
100006651124228
183984118351079
100004302665956
100001439404666
1657923019
1799214110
1776494313
100003109748884
634154572
775991616
182782699248
576996527
100005101689909
100004088571485
262947298154
100000717969653
163330500399793
147706581928488
1315800478
100005392387996
100005257299985
100000995960382
1600296378
1540930241
100003562275228
100000186067879
697876214
571641192
1812282844
635901144
215934688492392
100007764457291
1632004146
100005692413193
1366561557
100004498357887
599964734
100000192133261
1559542192
1077230507
100000221956596
107831491001
100001627830148
1544286524
609729832
100006580596336
100001327598057
1543680932
100002583605109
774962494
151535441542450
113793470695
100007969261434
661884706
100000848858275
558465775
100003060527428
1191674550
1618396661
730274844
690258696
100002928258586
224383614973
100003620607856
100000632845970
882790391
100001782619104
100001287513053
1083983994
100000597727498
100001033397624
100004404485459
100000902550804
1392517536
100000434660771
100003326294659
1296270984
100007926301433
100002606725650
771458121
100000451135152
1018160440
705468503
100000017648287
100005165136774
100004233733929
645962579
610638018
100000957250397
100000800230162
1002622786
527851713
229276127082556
1394038349
1004748624
1642186979
1217469019
541210682
682737923
709956209
100000373706214
100001391696419
642221628
100000953120931
1632585995
1604027154
1498013787
100000916442458
100000583882907
100003180647730
100002380518158
100000527510289
100000924853342
100001223123514
557185861
1567105193
100002977957405
610376220
100000346299617
1493740027
691257857
100001605368744
100000685015086
100000912022939
100000419851333
100002000272888
100005831284150
100006589512917
1493111905
100004030947574
100000449684680
100008194481911
1589259299
674863827
100002216815164
575947084
100000924170961
538178534
722099427
163335113676864
100001679421084
100000162805127
102613676444616
100001637603790
1819517886
100000085655515
670969495
100003702778311
554423765
475907955864927
100003765996950
1518502894
1821238021
100000099327872
543348763
100002108830476
153763430481
110732408992728
773834397
100000862230532
100001512268866
560460297
100000942003904
563312560
100006499282645
1043392859
605792814
100002014461747
527635193
1691031610
100000598426478
609541604
670263245
100002041872951
100006501062347
100000322576647
834609089
100006902071956
639093511
701024759
521511566
244465825577938
21927746344
100000051538660
100004990599584
1378015957
1118754683
100000600046927
1395131429
1259306230
9889734678
100002281197461
577204212
100001883625482
699684614
106914875258
100003746113873
725995509
523971164330665
100000057887935
100000267531453
1788568108
750545149
100002005440307
1124510830
732331031
100001594985037
1825860265
100000421042841
100000295294917
100002025558702
100004029944439
540809385
100000206920814
100007107755248
100899678727
632225257
100001800566543
100004168297487
579116793
701406000
100004274354329
84612018278
100003908356335
100007217773204
100007038822885
100006840548665
557525712
100003113274684
1203684756
100006262184321
100001611460261
100006897493432
100002482248139
1844804091
705848080
92689703737
100000129449110
594774891
100003951524954
5678046685
1277888240
100003755753419
100001346197877
634288553
581803285
100006139573405
100001679505085
1672088337
100001014035524
725201993
100004772111864
738253211
698827208
100000501933098
1317906436
785054864
140105122708
151173758238581
24496278123
137474816330115
123705457714885
21105780752
50533741602
102700436501696
1406787252866305
100005084531739
100002692327729
542168619
100000653620312
6564142497
26630438452
100003060836874
552598331
209354339133188
1654005960
100000081869081
1389810753
1222423765
100000567138959
1409700613
721359640
1579306348
100003246204036
100004676466909
737164160
576463449
646974035
612924718
1215144521
100003930148785
672032393
1415972056
1318374739
100001551519856
565767389
100000527254733
100002235131142
100001634860531
698799106
100001309222229
100000141063319
1500024370
1634543387
100000993376656
100003194105677
100001318338656
100004142556105
100001605194781
1147941095
605397188
100000584070414
512485474
1717474050
100003488414425
100007935581476
100001562472792
100000553700017
100002628994381
631627168
100001974961262
769453746
100004137185197
100000506447336
100000050146536
100002585678917
100002905594164
652910328
723727333
552313546
1446597286
100000108867443
1077390468
100000842447119
577013318
100001410625605
100003369820539
1144056939
1125584258
756803117
554712374
100007599663785
100002259601980
543489520
100000368197669
521726676
100003799960878
100002523558008
100002519324129
100003246135372
100000541890731
100003991029303
1164854166
100005870831328
100000486321847
100008187365164
100000146509432
100004409023616
79775744089
512843757
556419028
100004315172003
688970185
100001663375978
690115294
100000092702820
100005660322687
1606087141
707879023
100004316433132
100003664895164
1579898870
1122117248
545196648
100006043840503
100001094803449
100003646246735
100000075448497
100003994987552
100007884303433
100004601381805
698919316
1148484830
1492593953
1385199132
1402430439
100000145342249
100004558504825
587362242
1290211993
1322011745
1432222517
780645385
1252347109
701199802
100002096274941
100001351111387
100000654520832
598784089
521551609
651901250
735193729
661517561
100008114198420
607118426
100001852517802
1048022503
100007932334061
100001345554158
100004850252602
714803322
1230420525
536569504
1515575587
631227723
713515005
100000867655917
100006419161862
100002441366668
1323154788
627486858
575717887
100001101093951
572749461
100001111270828
1352042888
1690555755
1269105853
545588605
1580417158
1189565349
100002805545435
1006760821
100002618561359
1592965248
678133773
676930725
1342906113
100000307454119
729857849
739428460
100006477934695
100007722102685
685522982
517583235
1808482008
1623488056
794319910
100005225370874
100002837038208
685767307
586365108
100000073287460
709211848
100004325011045
100000422722615
593474678
569542542
100001677603259
1349797513
100002593085105
100001751207308
100005966760292
102863223091742
375105832552520
524081084
165633166780677
100006266653175
100000642136252
100001306805020
100004181017052
100008313600505
1008771215
818077518
100001928583119
100005517033005
197576773607414
562072940485889
100004633171541
100006314290351
100000117642807
726829400
126735870747594
100008167741172
100002885079027
1221947140
100000182009507
100004645021917
100001975037714
100000065804341
543886220
599207349
100000264125618
100003572481625
689258003
574159190
100006331393569
100003498237951
100000173085127
1214222413
100001062037822
250557104239
100003710183141
100005290149543
659534806
100003081343377
555147797
520250642
1114376689
100000670639035
620927209
521741001
100000690463723
100003281282223
100003518631698
100001940554398
504865504
837428776
