682971093
100000414265475
100000422394324
1023429113
100007897412056
563655649
612952874
655703983
1743803711
601867531
586885659
1296773887
100003562275228
623213166
1272878929
1152804039
1606546772
100001367660327
100000191495193
754304869
100001597026707
1799965601
617385260
670986698
100002416216106
1412718808
100000642019082
630938156
1421142783
796725407
100002205774132
100002824029781
676930725
605831892
1850395123
519874199
100000476630524
816864111
100000202690605
100002686300926
1422205852
631640457
100001536801317
100000316047855
729207704
651307349
1402936152
100001919301332
1371828174
1404422035
1488679718
100003587065218
691701539
1464777395
601157739
100002557888198
638013194
638798317
632225257
633002639
100003219767533
622561671
574017335
100002120854934
633863896
1649920955
532810757
100000433566008
1677844377
100001401167261
100002772294539
720649543
641263455
539450828
100001591164564
100007350485213
1169037881
579021226
1156779329
662609494
1155600828
1172743875
1616498951
650694676
714405554
634285148
100001998503434
100000365606274
1493048095
100007055169889
1073824994
629425288
100000593196696
685895768
1514211468
605043189
599007529
100000761145153
1795037559
1006760821
100003334568639
671154352
730876626
710587896
556483933
647073862
559990454
100000264125618
522368251
1109221673
100004762601246
1043469845
100001751129115
1247408433
100003909967877
690115294
547481715
1357195009
100006008501087
664760132
100000680796677
1394867837
100003262556571
518758443
1690427290
100004187197441
100007385322265
576289984
612234589
611810165
1558428044
841367659
530240738
688970185
100000300552980
1206383000
543791998
100000509025675
1644704275
1259306230
1479671190
1823157545
577718174
1657297304
1672646344
733087580
100000390323006
100000784445508
1547719374
100000064507844
514277585
637183448
100000397434641
1389950960
100004404485459
100003891387032
1693441943
1624843920
677932282
1194235373
100003679495273
100004963020864
1817220963
100000420262750
1686347408
100006470941804
100000132511650
570771632
100004270684528
100002602544492
1606851920
100000569965754
1023352759
813843479
669076037
100000446456262
822684637
733666871
100005257299985
1463873226
100005151872552
1154435994
644886730
100001247065804
100000567138959
100002459973862
609290004
1600606125
688165108
520120769
100001605746589
100000155419035
100000883491122
100000732552052
730495481
100001610962104
535319792
609729832
100006484052178
100001327407294
100002080842248
100000066043662
1012777445
1635465391
100006313471693
639450934
100003096366119
853480009
729212890
733849704
1332476014
100001551519856
1358798071
100000144078756
698205309
100005637871373
726373672
100003998275421
100003862394341
100006484816351
100002327614862
100000705835382
100007084441455
625171304
664101703
594850508
100003011093344
1274353215
656808087
100000663450402
787534199
743522881
100003722757214
739025364
1475215929
785713189
100000136595857
717572927
801322714
100000652909456
512687085
653770630
593983719
100000458869705
554015409
100004727406340
1221947140
100006592297097
619692863
100002146904636
1651767530
100004062017727
100000570135700
739933707
100001484215104
829980369
100003683576413
830287269
585181698
100001875801064
803442626
100008263081940
100004099984340
100000708630176
753923731
100004001563977
100002108830476
555698865
577866544
100004532825944
619870388
1285953388
1167956929
1113121231
100005414711633
723727333
1587143278
661416898
530737505
747927929
100007780086525
574748769
100003562455120
636690763
1287455491
634214257
1100562032
1350225927
634154572
100008207646512
554586107
702336559
100007748859239
768948842
