100007350721637
100001710767263
1296773887
100000219208234
100007320074570
748001006
100001391585235
100000032723252
1177252068
1421142783
100000776275351
883215458
606485052
100000392859239
545716739
100000997278877
100008002419269
1531749086
100008362506879
100007350485213
100000969751146
100008381857940
100004090401401
100008233274723
100000400973673
534202860
100001998503434
100004541431551
100000227556510
100000895112716
774099677
100001500087470
100001945383063
100002300454700
100000146661022
100006781173303
100000115541853
100001299113206
100000562088552
100000950538776
100002855824764
100003743770460
100004954894769
1357195009
100002551258787
577380464
100000139845835
100001963221229
100001075921801
100007754890012
100003189271024
605397188
565491147
100001360562873
547250409
1565792714
100006759221290
100006509610898
704047442
765643390121772
100000098920294
1098520679
100006165824454
100002459973862
100002607507188
713380192
100007243332718
804647578
100000571234874
100001157525905
100003842893867
1249122020
1668261491
100005344862891
100000527254733
1044022974
100002038584418
1249930376
100007458250113
640259402
100001023792989
529724852
100002540294555
100000569965754
100006716944654
615813726
100008207646512
100002408167352
1113504883
100005008957592
1622505136
671698606
1114124380
100000142490702
100000637562783
100000119587582
100000797496681
707792325
100001599262130
627887682
100001152362947
100004921024411
1010111232
551489873
1166896697
100006951672899
100003587065218
100002970871261
540809385
100002396346071
100004960000977
100004267923544
100000862731653
100003277200757
1626754100
1435748589
100003964672032
763018252
100001983745846
100003378737958
1470457393
100000515866964
578643641
561695036
100001474852256
100000293343435
559990454
100001731728288
558886441
100002005371175
100003359482398
100000017209005
530996373
1217762330
885600057
1289134249
100002722145889
100002180944287
100001668284332
1209596666
100001920320083
1591719323
100005754997439
702656460
645317853
1484747541
711955733
100001327598057
1512800717
100001411805363
100002032242691
100000596725327
1424410339
813843479
100005151872552
100000203400637
100000446456262
555308465
1322011745
100000434725000
1352042888
1076301361
100000651828491
1036422223
100000371745013
627372290
665549759
100001021573527
100000519582833
100007335912054
100000486473404
670174855
100006198931021
100000144078756
100007394700848
538348375
100002384291942
685368991
100003766053848
100000122002613
759697058
584783037
100000738265445
521591370
517235048
1500024370
744482568
100000152912503
601114999
100003991678445
615981638
100001030667132
559047920
665500879
100001084868384
100001654370587
1641771625
100004903989689
100003352980665
759399734
563110551
536862757
100001436926463
100000224528312
100000234211729
100003128788888
1128953863
100000689009056
1640823549
100000548722836
100006015602284
100001336375808
100003096366119
1802048572
597814634
600315666
100003475830137
100004080220172
100002953875030
100000558888435
100004107066524
577160733
684423186
100000279507419
100001983321304
100000912930656
807418814
100000365606274
100004947991256
679101251
569424848
100006465287235
605806308
100002606725650
1599907129
791376911
100000715086946
100001741016361
100006464408640
581176323
100000355574602
717057107
100006476449214
1375849803
733426219
1079702032
100006172928515
699399584
100001448740473
626787575
635052981
528031268
100002463798726
715704439
572360358
559735011
100006424743992
1394867837
100002128673262
1262611659
100002988613425
588312791
100003495811313
100000230114681
674026270
625856144
732687894
100000144034314
536606487
1625829564
654810870
100006587044447
791204506
100006565663426
100007498568318
100002206997783
1548177597
1671753768
100003277666836
100000190207959
100001762636793
100001364435667
1611848000
100002229429662
100001872317175
1470857979
646322049
100003603148976
515125402
100007867483490
100004841379279
671255122
1669071331
100004430703978
361805727269170
460897480646569
525643743
100001405744279
1635465391
717572927
100004267531318
623964353
100000287062833
100000743724932
647753823
100006380105944
825828663
100000784445508
601640410
100002796387882
733666871
100004774416884
100003756113297
100000624365359
1028247990
100000177088298
100001470171625
537947828
1040362235
100000461162972
1522959796
638013194
1334912789
100001241515686
795760596
100002772294539
100001185764086
703081186
577546795
100005979460452
100000491199229
638710306
100001804168761
100000772638630
539463242
1816187248
1275752065
100001732540672
560460297
652621770
100005180170319
653696813
100003756988235
735307527
650811840
100002570788782
543886220
100000313694220
100000401971660
1141246290
100007741029362
100001401697193
650142738
100001302454527
1017376617
1227285001
100003186065623
723074594
100001417840716
699307400
717387608
100003691158684
1560160107
100000462891796
100004090754759
100003162867612
100000106883657
633929275
100005908066194
665736650
604215177
100005106789773
1631990006
1429729296
100000492871128
814969816
665008265
100001394945351
100000574937288
1555957739
100000257143878
1493048095
100004486332452
100003646246735
100001377961758
100002029100480
1215245920
100007780086525
598278266
100001046810896
1627675170
