1581800547
719325001
594925203
100000219343057
100003526380466
100002867192096
543534275
748001006
100000514234225
100000125949062
1013799440
100003359482398
100000428772983
100004099984340
512979433
801354697
745261858
606485052
701909863
651774161
605952944
561186903
773233896
660415413
1105770025
100001331390337
1217345706
100001641139228
589266157
694386688
100000117052292
100003416399716
100002582620428
100001425370566
664553211
758759422
617242675
727551349
100000427421670
1327952023
100003314123773
100000808106216
703047697
561180159
100000932474356
553987981
825013286
1557883748
1243138144
705435066
1023291290
559895648
100001078623618
505487045
575094975
750545149
100000455319767
100004039971791
571032233
100003283371008
100003737448312
100000366182326
100007818035731
896345013
545197202
794965474
610376220
671726098
100006759221290
631050606
704047442
100003781778858
511294796
628519032
1121124827
100004087069416
558112210868226
1783110111
100007482936541
538227283
100001379631907
100002666946774
1012777445
1232967827
1830326197
100003774978451
1682052213
100004630650630
786209106
100000571234874
1216116723
630016115
222100568
100004963025955
100000557565503
648012222
100004862287888
100001010100531
100001714262237
1266092707
543574224
100004023318307
688517918
1519580932
1266974546
100002271643528
679954135
100000302071316
100000117642807
863595483
645831539
100004124464119
100001498012719
100004042298975
806229869
100002749095644
100000071318960
100002116233874
100006346723228
100000025296083
1018004042
100007276566797
575414057
100000652909456
100002508913354
100000353736508
100003731839637
770189437
1837592731
679600842
100003042585593
580536685
679997600
534591212
100001385635353
100005662982971
771458121
1019506712
1048432593
656488798
100004045838974
100000304366422
100000512503455
100001035051512
100004220611804
661287257
693156690
686936130
558852616
1657502994
692425336
568836761
747269961
639555049
569541090
1195784262
100000866666343
717887510
707058828
694653058
100000566577673
696936450
501011756
643638285
644420255
100000293343435
682963413
559990454
714372687
669255835
1492593953
100004454560827
1361603198
100003065800004
1849751126
100001307012181
584203057
556116229
100005265731897
100000095320535
1126291368
100002146904636
748640222
1187473042
100002570755804
100003561233539
100003177759978
509106581
100007522740857
1351334210
721847441
580113158
633288002
100003775907405
1765255061
1546900964
726157473
501453983
100000920758525
100003401662329
582566664
100004240662465
1532994396
100002080842248
573719255
100000606472876
100005136334791
521805244
1448228932
1148296675
640106397
100001819062819
100003562455120
1250884691
817484697
559217589
573719754
534321894
521591370
1205555691
517383297
506457483
531066241
100005016787952
100000814616535
100003200702290
100000417381466
648469026
1499073079
100008122541619
100000128081657
1450175816
1321977496
100004829972168
100007192210531
785484456
100001734767356
100007766670768
737470073
546184571
100001456216192
561646157
524603646
1463314670
100006096163934
100000980602526
100002675452017
1848345196
100006015602284
100001023875362
643686288
1201705950
100005773566247
100001776663714
100001062843006
100004121648914
1484736039
1351628079
1113572837
555109748
100001993130349
521405799
1255710638
594425307
100001276906712
558606142
100006176473997
100008096735429
100002430873951
100005628343080
100005957912451
100008181131387
100003532630006
100000291526719
1301564251
100005091487269
1579306348
100002197411405
100007422913519
100002375471154
100002975851461
565189052
100000155800301
734163869
552313546
1013927413
165903003472515
1052991749
577204212
744917934
100004318840866
100003142520220
1556736860
1368095576
501467243
100000594032707
616543426
521913217
100003095398402
549917484
574306294
100007005311656
648874967
100005696649268
639535187
1006760821
100003091457464
576188228
575947084
100000681759806
100000303779272
528357876
529496516
1286164388
100002494341722
100000169460389
100006406230608
100002235131142
1221947140
829515506
661407059
706198629
1415397903
100000771926316
1135250473
615912228
100001890716875
740587918
100004407041953
577027100
100006470941804
609520319
1635465391
100004267531318
538493323
500859692
729514445
100002101564905
100001753008934
812713404
100002520530624
684818611
100002394184932
566198610
1618001894
100001963221229
1573845463
574122289
795600111
579144754
821213017
1431799450
100003253351074
100000385989637
660060412
100000142227250
677697437
100004098338612
816673451
100000312340190
638013194
638798317
100000530923839
1576270626
730025940
100001656948395
1613896838
544994881
100001703287543
100000114260864
1022922190
100001463619943
637877960
100002357961973
100000614690815
1492877544
624644559
589182475
100002439304703
634739121
618991828
100000382483349
100005066679267
671045180
1737778388
1834569433
100000855254899
100000210642977
100003683576413
575569369
647465410
501618920
723341077
1143247908
1251206248
100006643119923
100004140309182
100000366158059
1092668442
100001569210287
100002006148483
1285572456
100000517011869
670866781
612011398
100003395683208
717129032
652779538
604574911
100004001563977
1017376617
100000062321402
657537178
100000737063616
100001004220659
620648108
572415331
100002611684401
100001530068590
1534459619
577013318
100001535701545
100001234553865
100002982692503
665736650
100001625705745
874405715
100007215822544
877970054
528240197217939
100003621311858
666735388
100000219574891
640103562
664159642
647413870
514785034
629301123
545549146
100000080441072
1039017669
681267755
873515494
100001486929948
512997933
1378376867
100003050550569
1603402124
756648146
