1422050471356636
704185771
100003633484916
1153003875
558992126
100003514026985
100001595534687
100004621090681
1013799440
506683037
1438722862
675586129
643250794
100002990096856
100004617305909
100000438996797
1179668490
755143437
1668867051
639082853
100001414330227
100007206313456
502782921
807802239
100000653374536
100000427421670
1800637170
100000636431465
100001727831418
622746132
100003076934760
594093659
100000505891135
774815370
100001571114950
1023291290
100002035596902
1005769269
100003605043727
630992398
100002237241697
100001569285274
555001739
100004141182407
100003332281421
100003737448312
100002486123942
100003850454204
810250183
755817838
649787272
100002387326811
100003173148638
1613575411
100002742078000
567545125
628519032
1462180094
100003752226369
100000769527498
100001586591573
541378333
100007482936541
100003314123773
1340358753
100001438233154
100001420751556
733909001
1478901813
100001071628410
100002866164754
100000517437198
100002722145889
100002428428031
100003967698746
648268070
665345132
100006815081556
100003191132258
100000913804670
100004137788983
1266974546
100002271643528
100004379524296
100000260005192
100004163348637
100003174823868
100002026434133
100003729806195
754056632
100000015069703
100004053565650
100001460712458
100002377656502
100000761596420
1829155772
730407689
100001467801101
100003547150814
766527048
100002305672682
100001474575277
100002251542224
100004205193291
100004220611804
100004167005488
1264120419
729667189
100002120854934
633628882
749103295
712106759
1076192749
568836761
591140756
100000700220786
538216727
100000723153548
100003817939581
1352241479
100004064828745
553987981
100000306190848
671193400
100000423046128
100003521621547
1464404802
1523733787
100001920320083
100004074053091
100001226763893
100002607172874
100000152583669
100001143159048
716687873
695230747
100000138124654
100000206791396
100002475938593
100000884299578
100003327253835
1621816388
813843479
100000440957778
100005493061915
100003300798269
100000690020268
634555597
1511350586
100003456603673
100007335912054
100002133130793
573719255
100003833002826
100001471135127
1622236052
100003053946653
699968732
100000474976305
100002194059091
100002647872835
668627489
100002130253326
627191371
653805651
1499073079
100001763042134
817469559
100002545102923
100004200789338
686930928
1713311626
100001927677444
1565503539
556457365
757493323
100001515611127
100000642019082
100001578743285
100002279553564
657300915
100003794438176
528459797
100003270845967
1823259905
1033752182
100004070660217
530457835
665975795
646974035
100001094708334
100003120698237
100003531214592
100000038685996
1266726330
100002525181559
100001189880411
100002993374436
1484736039
647385538
100000056536803
752832315
100000658961618
100003637797759
748248568
100002358852529
100004005816157
100006176473997
100002687288296
100003117496617
100002335360743
100002838375292
837782419
100001994672264
1001738389
100003398403253
630938156
100002195540020
100002049980810
100002971839668
100003060305159
731751417
100005826462128
100001184998557
165903003472515
1052991749
837652973
100000837275464
100003946582520
100003109298973
100003708348720
100002470751386
100002730371234
100005173111463
100004355765389
1491833099
100002604360842
100000085653071
100003688034932
100003596507153
100000883706724
100006851735512
100003205108081
725701487
637033936
100004363273392
529496516
100001276214246
100004017994254
100000931511972
1135250473
609520319
100002994617112
100002013073788
533190555
100001376466904
100003514134620
573261533
812713404
701915439
638188681
100004140579659
740270375
701513778
100002811887178
100001567036924
1626017520
1040362235
100004379709817
521561578
600090266
713394670
100003182371035
100000338998770
749090744
708867014
100003083317032
1122141018
100002386200341
816673451
1334912789
100003720714979
1576270626
100004065185592
729241013
1613896838
100000202588611
733715625
100003161645455
100002980013257
100003971073356
659073852
1291377560
100001721061272
100000706335259
100003884130910
100002072321686
610050287
100000303685447
100003179783233
100000046228379
100003925214844
100002290301395
817620566
100003662484802
100000963716587
100003165365264
100000087463716
100000604123285
100001737084040
609850305
587333335
586421273
1245187834
100000957016986
100001831926494
100003269170233
670218720
100003575763658
641953582
694681951
100004003768139
100000379986145
100002678911064
100004076304016
1312980619
100000635680770
100002358456274
100001530068590
662540524
100001940140119
100001649946077
1795429594
100003944109910
100000125299734
202900210
560688575
100004294836907
100004184042223
100003598108108
600647227
614676837
100002427014603
100001111869942
1404100187
783757927
791115064
100000940974460
100001792336164
716921087
1520600698
619391967
100000080441072
1039017669
717165615
1756973133
1435665504
1228466856
100002602435679
1679233437
100000230228675
100003522519411
100001276457464
618991828
100003328561775
563957111
100001061118068
1099925159
100000729945276
100001391585235
100001319038995
100000272556942
1009517492
1184333969
701909863
613196546
735082869
100001054662172
100000888994924
705450640
1580694802
100003911557184
563041157
100003189711863
100001331390337
502739503
100002020990889
611327077
100003748160180
502967802
100002926348014
1156779329
100005930371916
1205642300
100001521085349
580375157
100003626825213
1821185623
1534612390
100003912967752
638757705
1048326050
100000458744334
100001527576479
100003697020404
658292856
100003494966250
811690557
100003807499795
100000950538776
100001078623618
100000929527351
1170745617
784896143
1473165188
607474466
100003262943431
100002223656180
100005030794508
100001459607448
100001963221229
100004388581455
545197202
100001995183151
100000374812685
100002226807782
100000490268021
813558925
701648003
100002153934433
1264058716
1328238782
100001195934040
1333449599
535028382
1791055348
1575455619
100000383036772
100004263127580
100002859128403
100003942488503
100003774978451
1255928393
100001773970822
1010898231
100002954858917
611626585
1047016574
1428660101
100003831286221
100000128003886
100003908470951
569816141
100002699643284
100000243157464
100000117642807
645831539
100000408618777
100000351100408
1355337975
100002749095644
564133147
100000857980034
100003575428654
545237322
100003891135774
100001832826541
1685000414
706675005
100001569922058
100002526454439
100000562715452
704512581
100003339526002
528765316
100000087594231
100004056310243
1051982725
100000128857275
100003707085743
100002291776533
1744323518
219000015
100000304366422
100004055177643
1197872094
100003609860249
1730300904
1042931257
100000575073551
1082438818
100003380022277
100003348678140
100004074033092
744600240
100006634262721
569541090
100002704930760
100001802154906
689229736
100002989190559
740168610
627275944
100001010405595
100000176999237
667601862
713373030
511662052220963
816623031
100002740045120
100004586353448
1126291368
100003655076658
100001187667804
100001327598057
100001753308405
100005072617080
100002173051706
100003795426521
100000055450552
100002811610840
100004160975811
100002317172633
100000026680139
727936936
631510989
100003100871857
100000019817837
603457343
100000519582833
775164774
1650321877
647998221
702530695
100000136881040
1363540592
100001073996270
542074804
782708800
100002745831099
100002747947317
788229920
100000632933852
100002384291942
100000122002613
100003330320127
100000463034584
100001460742753
648873501807336
1448050251
660564155
100003843964955
100003600896154
740984548
570743153
100000128081657
704107736
1242385777
100001923807499
100003792311200
1469354953
100003951697248
100002276925959
652031805
571939913
1152668219
100000980602526
100006015602284
100004173005509
100001087377433
100003255914825
100001165579816
1665967499
100003894322107
100001312230337
1117430595
517570497
100004276333303
1614182379
100002451443053
617818819
100000737462878
100000399968053
672837325
636057712
100003201768451
710678292
100005957912451
100004574530135
100003677736942
100003994597400
100003018354778
592526887
100002552621228
740430091
1579306348
1826984227
762461066
100002539778518
100000032371064
724837328
663431821
100002660352243
1764855842
100000517858285
100003977168393
100003107557668
100000209918014
100001298954651
587447631
619546632
100001275542657
100003515547425
100001646536735
588312791
548845410
157862204225484
690245707
100001073732283
100000188428196
1037405342
577204212
100004994347095
100001846412390
100007902461952
524256185
100002970641535
312774352073311
616543426
100001293112950
100001493911440
1366681450
100007005311656
100003828732935
1027865655
639535187
100002577566479
100003091457464
100002733232868
100003619395845
1099800513
100002199462106
1622822419
100002983698826
100003070783413
100001567367554
1157815337
100000666150351
100002380308565
100004144538794
100003936828657
100004168681970
100003981610955
100003092571741
100003968916384
1635465391
1282776655
100004267531318
100002941493412
100001072225104
100000000910887
100000100200615
1618001894
100000925430411
100002209465958
1789156368
100002562297708
576644034
100001665483291
100001231937115
100001244657027
701243264
100002369653488
515676958
1135554414
574684199
100001566624716
100001808335860
884305400
100000533760085
100007956223103
693730731
100001951551123
543898112
100002241793708
100000199310995
659705361
1473392266
100003983550648
100003884265528
651842762
100002315655924
651187110
100002837163307
100002459397424
1143247908
1251206248
100001454723204
100000366158059
100002445104464
735307527
1686951508
100003638822387
1680361076
1495766409
100003510826579
100000547450559
100000067596494
100000615564232
100000789758930
100002541357154
100000497269772
517241816
100000853188384
620648108
593884108
100003025485980
588498152
1802319313
1298562142
1179874238
100000001815904
100001096820269
100003875958415
100000636932486
665736650
100000257987376
100001504866772
548609424
100000177660538
100001669702121
100002519324129
100003209523105
100001178724634
100000786213299
1268124459
636690763
100000529069930
1685910024
100002799246067
570808992
511578298
100003050550569
1301830368
100001196417042
100001409297587
100003494586465
100000019587465
1563653901
100002120133932
100000199275778
100003725963392
100003333771579
100000649141492
100001838610928
100003779468876
557667945
100002969602639
741419040
100002037524461
100002661071689
747304034
606063107
1547238598
100003657810597
100000358620593
1603070353
100001281183593
100000555564587
1041229455
100000236977174
606643543
100001062598101
100004231032799
100002445362906
100000342453557
844199035
100003773697189
664553211
1107592646
100002104570423
576072974
576864808
612960279
574743339
1707513348
521975312
100003825317311
757599352
722277343
100000649334412
100004042544172
100001644272673
1046384795
100002917091834
100000454907715
1540711527
100000680116910
805631167
100003283371008
665470822
543535541
100002203381034
551886369
1352725324
100001287153219
100002668338746
610376220
100003272294934
1686878069
100002309971223
100000339438154
1759200328
556996212
686142770
520897005
100002596576450
795304172
1557883748
832224297
100003652231212
549281686
100006425830137
1326893087
100006768941508
100000778219316
100001460861150
100000523825970
743139150
123469669759
100002902614159
777829895
1109187312
669255835
100000668953163
527368331
100000167971430
100003024884977
100001498012719
100001887386351
1409710556
1418260441722774
100000774392548
1034958245
579046498
100003015763284
679600842
100003608714009
580536685
549510494
100005295284382
10202313950273397
100000765996599
100004362361700
1437393891
100001874044047
1125638023
100002531354632
100000826893300
100002861418281
558852616
860750053
1113653002
100001645335938
100001711607805
599638788
193954224004574
1011876385
100000022595722
1145623215
100006819904522
696936450
1447145589
100002173835896
1643293722
1849928468
683359070
1361603198
100004316282538
100003189674871
500879519
677020324
100000500177314
100001913048125
503068734
100003929542244
613745889
1342280794
514821672
717680804
522804175
100000470619354
100003177759978
832170034
100001920880887
100001665511457
100001606249056
100004126994617
100000174277029
100002269461663
100004284553281
100000911765174
100000717846844
174996669282694
100002379879805
100001908944819
100002638721773
100001221144976
1603045629
100000446456262
100003935217303
100000889054809
100003648501767
100006704105248
100003658271220
100001660821103
100000506965976
1456275139
601783068
100001163018953
100003687254315
100002022165445
100002918546716
694122660
579820322
100000093249645
100008122541619
100003977423203
100003534898530
100003646787445
603234858
100000513793421
100003683716635
100005772164487
100001570024378
695095831
100003225955247
543421781
1039506299
1205555691
100003072648855
100003865637796
649619637
100003129247221
100002841398726
643686288
100002482438664
692332433
100003543086120
1784089547
100002950113645
100004064462514
100003507667335
1113572837
100001451043556
100000651473626
100003474198343
100003608022472
9636789
526333339
646235917
100005614001624
717533393
1033243089
100001737111486
100006167581826
100001951385284
661044618
100004022630423
626787575
660514568
565948888
1576639464
100001252399148
100003587230786
100004127464173
100001650401141
100001316677694
100000259069628
404235242926239
100000871021590
100003743731508
863870456
743401375
674026270
100003672241971
100003317912191
1105681600
643173206
100001923013051
549917484
100001819736746
100000218117193
615373032
100003926598399
100004125244347
100003136456004
1283574419
100004321063651
100005789855877
100000597012108
523744142
1432222517
100001986841675
705975231
1074977389
100003040130288
100003960748791
100002562133845
620382356
100001033289098
100000354462606
227701180
1463033844
650533643
546307935
100000587284447
788863024
731041429
100003495071128
100001543628200
100001969987249
100001145523396
769265645
100001534604273
100004007598397
100000402862505
1619013090
100003802439198
100001456077309
100000956488842
100001372085209
100000166045323
707879746
1166115005
100000649853821
100000530923839
517897887
100000537535621
100001656948395
100003185528158
500718638
100002872252692
100001703287543
100001253191807
100000114260864
1699975979
612011398
510293886
1730239371
100000217007590
624644559
100001998130834
100002775881106
100000131507320
688681892
100001604452875
100004855562514
100003856299615
1807750995
507720110
637345567
100002114631964
100003720574635
100003030972062
100002773258908
100001969766989
1251437679
100002805741581
613867253
521832179
100001332967563
100004266875167
100004068784259
100000898505079
100001207956316
1766962499
100001677708202
100003700105655
100001066421887
100003593714744
100000462910950
1334890731
100002970865600
100001412366846
100000497304634
1449528398
100003816267716
100001372786756
537429210
100002148380146
670120480
1098201464
100001440158034
100001760476126
100002721155699
633434727
865915098
100003533712194
541278633
569072984
100000190173065
838545651
100002539013004
728355812
100003761327821
100004046780778
1319913389
100003092153407
100001065188794
100002488524099
100001494637833
100002250716045
100003323746392
100003773576082
1512473454
100002922704468
729798054
100001666492452
100003750846990
100001879197465
533195612
100002312483144
694774372
100000914354027
100003352177037
1084963360
1626630085
100003265923410
100002428613601
100002582620428
100004528658879
100002176869756
1035688603
1311634874
1327952023
809174626
100001044559439
693914821
100002175806907
1228641296
100000859260756
100003537276150
853025446
100008313795323
100002687731677
687811820
100003589088110
100000990694205
731961126
100006633935581
575094975
100001094448237
1482613047
819539518
100000289397122
629456909
1038455280
100003374595251
100004081920602
100002285376936
100007818035731
100000158651651
679968668
613200428
100002618578868
100000875502729
100002637621783
100000899010183
100000269768141
100004132356350
100000033689079
100000224438014
100003220391908
100000870231824
100002145136972
1098520679
100000540302178
100004731279372
100001281379819
100001112838731
727494680
100001410292331
100004364232274
100001327407294
100002246394128
572545467
633181026
1659117522
100001010100531
100001718946009
100000150926264
100004232798109
100003232525520
833647728
100003095651478
100003779375320
100002675554748
100002003490623
100001079000511
882835051
688654121
100003539036800
661416898
100001054705593
657526860
100003316908455
100000963087185
1681403281
726502463
100002483535403
100002424792925
100002980583712
100003022082887
606768544
1048432593
100000749224209
520848546
100003338206175
100002955274554
1067329587
100000235350324
548272944
686936130
100001726369265
100004380061532
100003213017734
1263713076
185904308229808
1543417365
100000889151077
578643641
100003236574264
100000936724528
643638285
559990454
100004044526844
100003730272102
1735969717
100003357208123
100003676360022
100003874131424
631050606
694397825
100003072773802
100001591164564
1527036612
100002197986433
507031699
100004298823844
100003538667840
100000747375635
100003560172041
100002508913354
100000464859478
100001043664969
100002518775038
100002941380931
100003152629980
100003906170594
100004154438185
1319547493
696716046
100002428481940
103059109729881
664584404
100003470953529
547187091
100001795982750
1328512505
100000801991351
100005853461203
100003395340689
100003488092067
100000476559661
100002025434373
100003197651604
100002809297838
100004023318307
1650567214
1324047324
100002575178586
100000445525217
100003889566305
100002196987918
710232525
579883202
618376345
544559112
1083455797
515091517
100003219574691
100000295222736
100003487600225
100004963020864
841367659
1372232388
100002337933855
100003137544325
339178336129757
717839663
100000253272906
100001012841593
100000987567558
1540248250
823489761
100003971183830
281536398592779
727602415
100001959339904
100001628255068
100003303649651
559730061
1167446331
100002933965710
1474847526
740940249
1803665720
1600941732
100002224265247
100003129296576
655853707
100004239427913
600315666
709017348
100003384519541
100001609141552
100003943180085
100002494623339
100000068560324
100001756713755
100002537043581
719501882
100002115772790
100000728997562
100001606686155
100003728797772
100001074847364
100003824582851
687780548
512137813
100001817483905
100003829392464
1592383995
100003480510217
100001495184647
1700721333
100001606488953
100000220447800
633266421
1462580909
100001591146400
100000886848210
100001289204043
1836915527
559806603
100002713559074
100003512719893
100001465003795
100004266691094
520790518
100000711534311
563759194
100004733351410
100003465370256
100002390329363
100000360693705
100000232082910
100000351012378
683177165
664816358
532136176
733341922
776253814
100003583881441
100002239777396
675914131
100000145138144
1115615556
1482356328
100003611466125
573796073
1611848000
100001613915836
100004025627629
100000717461160
100003326361191
100004345323403
100002235131142
100005467930234
731877329
834427286
222100008
1391675322
100001103208551
100004034035668
100003352734169
100001573562402
100000771982422
100004058642638
100006470941804
100002415634422
100003928831398
1169202453
100002621318526
755750273
233748403314316
100003114114307
100001682195237
100000358280388
100003899634956
100000129351052
548042357
100002202744472
743257990
100005306618728
100003283280173
100003643045272
100004047619080
100003649691129
100003907126977
100003908171559
100001287773677
100001721221733
100000917126805
638013194
100003538269203
520516401
100002579383944
570108480
1169037881
100002680222160
100000602604557
770345025
637877960
100003372556170
100003939447014
100002357961973
556282715
100000430112862
1641222554
1254608368
1004427414
100002967968232
501618920
100000914139944
100000333183562
100000816281732
100001226315984
100000138258110
100001081343523
1467531936
100000699144184
1465658205
100000019627758
100001910587872
100004920157534
100001162640022
1148107941
100002414856270
100002336561823
100000922008818
100000162655059
673537714
100001833796831
1549154602
851035564
1215245920
691733876
1668657087
100001772740816
100002051964320
100001474695926
1099685849
746140019
100000841798148
100005064338589
1177865182
100004158726906
100004009747574
100004080832390
1307172483
100003764085283
100003236265790
100002673293365
877970054
100002416451253
597860722
100001639556163
829515506
100000081049416
647413870
100004088532828
1447814489
100003694484033
633993681
100003488307539
100000842576731
100002041931695
533036669
708606693
100002007829239
700794052
100003471148481
100003582783538
534163639
