755998683
646183266
100002060389317
1530112845
1527678886
100000103030041
100001411841659
1160291989
100002728367408
100003039300512
725020496
100002230791429
1185294958
100001998598570
633024699
681739575
100000832800183
100003676042851
100001506310811
1596099548
100000979822180
1603402124
100002052490001
778404901
747767778
638944472
1406725603
100000879784528
571307051
709820572
100002320790641
100000421885908
844019569
100000486764786
1511440487
500630831
759862891
675239301
100000357076545
597523957
792697725
556942824
523798742
778489713
100002222041884
1576330158
100002476833674
100001750405041
100000173756564
100004044654722
1240531447
100001497264751
100000535627994
547500256
643716748
544864542
638585700
100003486446812
740726237
818154315
596927159
1264972268
1626289125
1577291655
1524482207
593075013
100001600459088
533967597
100002038892106
100001584190738
1786611723
100000204573505
100000198604299
1811732097
1099275734
1052872563
560466765
1403478089
606953461
1763713288
1662923047
1069268552
1458053027
100000596430949
529495753
100003511090422
100001326504695
1509892042
623380484
1359216535
1514211468
731042797
1546534860
1433331564
598970697
100000297177606
100003082357596
781799310
596816242
681434640
514765375
100000186831715
564030447
100002569385013
695613529
100000353898511
100001555981518
1387245100
100000529603768
100003599492415
720842141
766299815
1097142885
100000068413747
100001035364058
564746735
1165466224
100001662237256
609182520
716783352
732917912
100001042963371
100001116100586
649672883
1561941699
100003547381906
529028515
522019795
679033993
1372641679
703718495
1111580403
555535689
100001620204721
100001626836292
100001291736500
647446880
1126892344
100000722688904
1363403758
731905977
100002221080412
100000199599370
613746292
100001784733746
532045489
530906576
690468196
100001088750639
789323310
1627059447
100001074253000
100001368717833
722714561
1191971048
100003064238073
100000305062461
1083837336
527926092
1078023729
1305241832
748353422
728325744
1619658807
1732012035
100000716931102
100001460591707
546083977
558061551
661723154
690537615
559432373
511379488
1281412890
100000930555738
1096302870
100001199790256
840430330
1584116279
1264167302
100002343585423
100003329402490
100001621780642
1170055367
100003524488735
100001327479922
1073605769
100000583825040
536821252
727024074
100003257586081
680600705
532307032
100000018873075
1049555840
100000555814871
1260304548
100001379631907
100002347372563
532768632
100000682733191
614647570
1000533699
1155288843
677392474
21804651
619535685
100002177545052
563534208
100002458609068
100003666107368
1562571541
537819330
817757066
100002108703645
632017443
100001582009412
688829055
643315315
100000421762348
100000299763950
100001177257468
1472024691
1498326107
660962503
100000601203915
100001561824435
100004337826134
716842647
100003571008414
648268070
700791327
662444522
100001421107535
1490906485
100001508337004
595022902
525749372
100000889563680
630620783
100002191512347
1282035416
714147882
100000539552093
615488355
781964106
591667535
565820926
1246567901
1066562563
533645493
534939865
521939262
643238711
754264651
801999128
1250935017
709625996
565343203
194662487220472
735323433
100000627528984
696044149
1680379353
550432206
100002555778354
548010054
100000191232614
1068225035
100000829791491
578634655
572440548
752819074
1799335563
1146671419
738114880
737064608
784732655
100002799727507
733914806
1438563386
564586921
100003231204664
509922671
1690827265
1013805258
100001888400821
754588132
545813694
685577021
1132074275
100001553955953
649143018
1021621016
677142899
100001385635353
100000970782217
1255984675
100001570066909
522232966
1672293962
1541256475
621868881
745700236
726573420
100000533838899
572322692
100001393675465
100001285278641
1038222473
1044254243
100000015158619
1125154239
100000929555423
740534612
100002192629867
100000484573628
100000027613814
524547598
100001794949827
550669224
100002211747278
1019136261
185661501455578
100002031879173
1015838534
100001140511782
555808980
653660554
100002912506543
100003045601217
100000857629693
100000782328831
100001395862158
100001029047464
100001137424404
770734224
100003928172633
771568611
100002232098251
100004524131930
1386343539
100000909548332
1091587890
100000673347470
100000612085613
100000829730158
1702419970
775483266
100003964672032
572212270
1041765868
647283017
100000715290246
1068753862
100004350158883
1039436454
1453867821
563886117
100005731750381
622053477
656133513
559953824
1037133774
100000927174439
593541807
722827478
100003963343708
661372857
100000207667689
100000944233993
1849558991
541691637
1743950583
100000565426523
100001178972114
100000044076488
100001084125935
1610632383
1255115871
1058587434
732937988
539028885
100001793436243
100001168281493
644420255
100003106591870
671812808
100001401550939
100001294096793
100002829306344
100002928810860
699014940
100000218125371
681804645
525807313
1602215712
100000526260263
100000601237151
100000070612873
100000510743434
1452715863
100000731493916
638725365
1337216802
100004088432961
589891892
1661843455
100001675892408
1621582481
1670839349
100003909580207
743054519
100000326110133
1483725193
678720354
1108661997
1402616896
508343969
598821756
100000878844738
100001237703665
770728634
612386373
713251911
100000852893089
100000235242835
100001685138630
116435798429073
1379564187
647941739
100000270174319
525391837
704647378
100001143159048
627778813
503032404
1806987546
100003394329581
100001496200788
721088014
572686885
525478252
659349472
1249647401
100002441822638
100000385181906
1485908533
1470247435
100001044578439
100001627647056
1529119068
100004064513646
568468958
48832047312
595798176
100000845822335
1187993160
1173442144
843665524
723401939
1260973279
1465580037
100001424029238
100002291698433
100000102084909
100000349418293
1654548725
580738816
621265161
1842316872
100000310760838
1213951560
561536149
553613570
100000166303563
1665371246
731878228
100004223675127
1594240007
659732372
100003700162698
552264369
845669290
555554751
746141677
603314196
688662582
100001395233955
100003244977203
100001764984605
1186112259
100000340003861
1413746678
764768181
700161445
100003834260092
648783532
646127934
100001623397779
100001471135127
1111371691
1406090154
100001096602452
678960463
100003034239876
100000752372078
121709944509516
614122206
100001786278254
1783803161
530120501
651946069
740731046
100003771924537
1125895129
100001563614291
684155074
599193740
100001716553946
1771569282
635448024
100000658627048
1839812825
781328741
710091008
1755535832
668627489
100001545544075
609261574
1272331283
776384166
623317556
1116708513
100001668396740
100001165904320
1834187633
1358815079
580635685
575568036
100001025438848
1399676732
1074612226
534888779
1686327084
664786915
1091604488
1412621153
1167176325
686754737
774587971
708705204
100001537488100
621199131
100002153104053
578713879
706102749
580997205
100000122032376
100002395130409
711412675
1480920424
100000966858737
100002172786472
1323975360
100003342926823
100001638550875
562617556
1376576990
677751389
1806787489
1582505430
1300294254
624442877
617908299
1832088331
100002626362904
638770887
100000990157817
100004558539481
1296777346
100000064374489
660883869
546497804
663911182
751757004
100000076193100
1572317125
686689131
1533608457
100001298559163
516927800
1792546931
564623649
100000814827700
1289050066
692964212
532518429
1056910669
100001256136888
100001588680490
599686075
673148225
1552343981
762842089
530457837
1608630098
619851118
1616984900
100000218801922
531182349
582523873
543423131
100000655128372
100001124987687
1790386056
1461970379
661828756
565503772
100003948383247
100000477857260
721952227
1472261642
541199077
100001608124015
651087059
100002170229185
100001026457592
730098714
1438697555
831999766
801282435
100001276547444
1038460962
100004173904817
100000664871445
100004059765758
739248304
536176858
640055802
544126445
100004463463184
100002349426118
669624971
639223282
857064603
669158944
100002352120729
100000167021462
775313688
1085887628
631264304
604682047
705645246
684024320
100002006553943
1017077010
100000824589190
692252217
1111692168
100002325047293
563614331
100000611068723
1522162734
680230752
1123790479
638595041
587427058
100000301160535
1207971886
623015141
100001968723901
100000395556235
100001673015383
520216446
666566682
833969637
100000663398054
572941086
100001680249378
1628267138
100002622738588
690969833
551360525
100004083676692
743312033
736400331
1310475030
753098102
100000601047789
686297400
548556211
1537324993
563488215
658909316
1575620960
100001794011905
1239148239
645183238
100000091593613
100002156638748
694216437
1185790913
100002477097156
100003351659208
734531242
100000645900691
1067435032
1310121309
1040748608
646537784
667195911
1481058721
100001568357809
639533624
714817846
1014750969
1582710664
100002718365832
165903003472515
531388578
100001315130354
647359699
626208141
625998976
100002159694619
579233973
100003271887866
100003210973451
1161557918
787734400
100000773703295
656097369
100002057236123
1067344579
795230450
540287800
100001527435845
1528796526
100000006717961
854410275
1138831768
520350418
568187880
1321480155
519514899
606049540
1538426018
605399146
769087001
783765485
657542986
100001233645898
100001587301219
525812807
654136124
100001549203736
837047557
100001732327832
801458134
691596705
753534459
100000593133094
680108092
627312150
770445690
1033006121
100001108915201
100001287266309
100003583651152
100003289663370
1426634035
684660289
636346332
711691077
100001205150188
536521908
100001181908917
1375086127
617582726
1498740647
599583906
748165030
100001467919670
100002930128824
864120025
1574843907
707426493
573326537
100002495263406
704779781
100000338087304
1041632942
100001090997407
1271238104
100001317291640
1502927079
500336230
1568441039
613266586
1641549993
511448187
1393858082
100001105160440
100000316332515
606859146
744994571
100000078873037
100001038396028
750765394
695683950
100000867401992
565626262
1221947140
100002476920437
100001737982649
100003021631627
100003351354073
582902051
780284634
731048262
100000441977339
629003051
627842439
548574447
656792352
100001046557189
1254805264
723694067
1227508519
521390739
655762152
1023308398
1034877802
100000430048328
666151721
713459155
1561321926
590621397
718047884
100003847588030
600012880
679168390
599328866
100002697046655
100001999211828
626513338
604795021
1026182149
1774768136
621097602
1004515629
100004475072672
1756226372
1327422573
1083185691
770353322
643715097
582464758
557927905
100003177038024
553670271
502574671
699086561
100000004861762
1023712637
619434454
593913191
100003559697595
1250381531
100004165230288
769203864
1139569321
564813070
663502231
537947964
608369625
575150052
690803866
1194557452
684705701
728606075
621429124
541981910
633178746
689178813
708413662
100000185725383
1068129901
601241876
1258826602
1634614876
1722288102
100000118169019
695617676
663973022
753668419
730038610
175599569150611
100002967964897
100001977943903
1664708978
547410384
1231460061
100000653619984
1026642490
1109106300
684403177
737811736
1740137929
100002863599083
1017115484
522080934
566953352
1380002187
100000096451929
1178940043
100002451048841
1531555479
211166642230578
100001033907286
100002095365452
507484502
100000953011560
100000315840567
586282028
551519605
688118784
1014680999
100001041611299
100003328793789
100003299624230
783472811
100000449022039
744343977
1041373220
100004479251572
652066615
691593609
100000907964270
1278192060
763538001
100001789157569
100000146511443
544082095
100000382483349
667020467
100000398276518
526334030
1277897121
833399625
663006565
575668612
559216638
768042305
525130032
1122180416
688977868
739473363
1578843942
569638740
732281312
633669870
588055700
100003642001907
1019185384
100002232465848
1018850895
1815844210
100000196603796
1653706017
1340268441
1332005598
100002401500574
1563647793
100000601282809
639791700
1674854672
572452003
100001861070404
100002431035587
767600126
562784844
100001270954779
728028004
671844052
627495106
1645026756
513962064
100000919058589
539505132
1816239151
708610838
610378811
100003394458938
100001250581313
100000266799356
1058786327
714077906
1100041285
649114040
557851049
694867792
100003517128637
630983073
1186378125
100001554395490
599222193
100001407014967
624916610
100003117481347
100003620133927
100000089120597
100000192133261
100002395466532
100001182907794
100000224101746
1399493157
1793920781
100002379084738
1021421408
574038501
709048853
721034499
592821548
704044091
1641616055
100000552699573
638333296
621543409
639097808
715576826
554319589
100001271367473
100001545151108
1424251084
1146544475
641950100
602551171
100001786674049
517067636
1115599172
663271147
100001539805259
687897592
100004571889636
671214101
100001165978130
100000110927395
537854260
715138784
555784613
562448167
716748497
100000511974372
731593051
1403051644
100001310668384
100000443348774
100003224692235
1064771973
100002957149777
100001871179007
735743386
100000144025411
100000506975787
100000026284986
710547564
550447177
1489803959
1091055784
100001798893329
690523121
631017602
100002161876692
1470761830
622501409
100003469247806
717329078
1582452808
655707182
760885620
1423391102
509121547
585276106
674548578
100001108033921
817444480
633598448
1099574222
759864474
100001074814698
100002704257309
100001328848466
100000458079068
100000286307280
1330263656
691583051
1653416044
682043154
1531528199
100000950195631
100000080441072
533844544
100001141877293
100002078396831
1810714314
545207552
100000099525816
100002217267937
538088814
1087856303
100004482030175
100001992174611
617266151
525467871
100001436885168
1141232627
100000880327021
731002651
731628985
758658424
100003030595746
621039266
592228356
100001435028904
806359127
579019547
554255833
1115407489
1090885805
600017918
100000921621098
595482739
1711412105
1537714131
1065289523
838585606
100002065492984
790312840
100001769228553
626153588
100000852418210
565474153
562797908
609085115
610222809
1195600606
758457978
100003611280565
100000155934188
100003517364264
695858931
738657548
841908210
100001266187334
1478665240
100001976710775
1817151085
1829324551
100000768859086
100001205551123
100002536532724
100000078210123
100002381567601
731182916
595482134
100000518692829
607997707
619061918
684886727
100004525804885
100001057035801
685862794
100002755873731
100000135025249
100001439683947
728492875
100000849192047
100002102989505
100003037300596
704412799
100000068000381
1004775915
758054581
744333546
100004113878805
554893116
100000020733738
550880089
100002906979209
564960772
746512299
779617009
100001022825619
687310593
732307802
100000757376917
859095116
100004161031020
537275080
551988219
510801915
596892846
100003314123773
577327626
757562857
100000710376617
601622474
726755872
100000922877690
100000999321021
100000098076450
677572696
762282999
1086754850
618611126
1034390407
749789299
583979503
100000552879018
1513554579
594134512
100000398782813
760889915
774620595
100000782149695
620864751
713301682
100000660892851
100000925314715
789455390
695884841
685337450
1122361072
100000974551856
100000633025463
712469441
694382748
555770709
1252485209
100002284062672
100004548732645
776974681
1771138412
1422437274
794765424
642002440
1734991239
1022226284
100002201203094
1430169079
836293076
100000929527351
522046984
533788779
644848034
725016661
609089999
721733147
100000191010926
784353394
100003801542383
100000986591716
637128888
1515767694
100001676920319
500989242
698780551
100001192645072
100002281336797
1153008131
100001737999308
100003122484709
100001580373162
569031146
643618096
560627213
100002542143434
1077193208
100000639543788
614286541
1345104302
662694064
673413546
753151424
100000254401998
1358380577
745646537
100001531160610
842470130
100003214532151
1011492130
1064265275
656384437
1027745533
1639541902
100001878908239
1659512757
1061187560
648107631
670667668
677242121
690238074
1093773190
532032321
658984163
100001159987269
1850205009
100000453957892
605590441
100003451138708
100000138391655
100000002358571
1418730666
100003321566399
754533525
720376375
100001325936179
704458337
742922642
703369078
647761091
621723223
1202521506
100001302603686
682055766
702824637
100003822099086
737902856
508117571
100000080689779
100000075369039
1496275151
744968105
1429214840
100000204394821
100001773970822
100001744374239
675710838
671799817
100003600426387
100000302570229
621820582
100001199767166
598803000
1363011173
100001022560003
1330215142
100000777734861
515344479
1241240165
671328159
519697681
610074194
644121744
100000745942273
100000547419390
648012222
100002948576485
100002006085086
648127890
736673762
1225747317
651842762
100000401715464
1251908445
1718962503
530270633
1248301115
100001480697603
649773207
514756655
706216131
100001136026008
1154121174
1527396363
100003759788869
1031110736
723933576
546266485
785323739
100000078597350
632474828
100001609066457
646447981
100001240561245
515759011
1018496373
1593308152
100002199849817
784494290
756253392
633099614
843410479
100004423233933
755393257
786157854
644715918
520712191
711446129
1697539739
100002161377897
1059266522
100004084539400
657651856
585798092
100003824200509
595208505
658160065
100002505814900
100001132937892
100000531694017
537707389
1419125536
100004389842404
667716850
100000483557309
100003093744461
704512581
100000911788205
160864930700114
100002033307989
100000797173053
745975890
663712282
518242349
1087025551
1559781176
100000426000272
542007043
1725421449
613293263
684363927
100000672626332
768905701
100002083235416
100001898297562
100002606685396
100002434528683
772978686
1677836529
514933508
100000030483819
100002485063599
638688353
761227145
100001017554392
769568207
532572313
100001463404339
789478170
1539031134
541433747
542940680
1019317483
1830542970
669592722
100001277419407
100000716197613
100000147390843
100001257491920
1418663507
639349470
575175236
606423761
100001277881338
100000361058540
719862772
564993443
100003902169570
754193072
1082438818
746268338
524470143
523024160
100002121041627
755227850
100000386465586
592262225
207412677602
100002612215471
100000561494469
100002010252579
100004078092659
1773270971
727114378
1054469792
643755073
100001745425569
693450368
100002764834483
670158121
639252288
100002904704290
721619592
100001969510749
100001649841933
100001396971313
586294449
1244745512
522459405
100000378952607
100001030316589
1824235625
100001443668217
1617818853
741356464
100002583938838
537289243
100000015530902
100000124254143
1129644655
609247441
583087388
1064385556
100002354544135
735551633
100001821949352
1032586734
100002218618265
1244295393
683478227
100002844718010
100002551514818
1674667073
100000513650954
569863887
751758769
100000407525802
100000625811725
608381877
704547965
1361524194
720432109
100000507634127
100003515273425
547097037
100000480614890
100003345744136
576567784
1186273718
100000493790674
100004271413853
1641867127
529316285
522085101
1317979852
702179811
549261237
626923318
100000510987656
596252495
100000795354813
100002454992201
1168354116
1531187917
100003019822453
586425027
100001309415792
890140656
715064052
100001142958418
787848777
100003881012545
695386582
675546913
783623800
1192755817
745113482
543459110
100004008122135
624193128
100002532310708
787258620
100001485885011
1071150898
1435870767
100004385141308
741833438
541039286
100000280845414
100003946469011
753632687
1615235946
736603499
1197079899
780186666
1080213954
583882856
548050665
100002948915936
100001040132952
100003687798457
1504003393
100000590551067
632888388
1608713828
100000562975940
100000030427530
100001700958788
100000830557067
614474971
100000495722877
100003945681635
100001255189304
547953048
100002320906795
574076217
100000100760106
651867397
100003931884501
682534607
700297662
100000516726347
567820982
1223169716
100003171270936
100001620895007
694921428
686268695
1541561460
510088139
568347506
100002335971998
658175045
747689385
822420146
100000068521883
100000270802864
1583091882
580354048
100001743140721
599374010
1375406989
1322926609
577024973
100000369010133
100003377948396
100001136960345
746977170
100001555852164
677577168
100002122426382
651602238
100000137302932
1131177214
643031715
100000008925986
563024071
1036073413
100003794100133
558173034
681578872
627276708
1112495837
557653491
100000451543888
644457488
645493181
739194982
100003606123601
670735688
533942272
100000478906344
100001933604675
811168399
100001293947308
574523864
100001403377196
556938224
100002757104772
1430094487
535447285
536725527
100002527170232
1131387020
540807260
551913649
594835099
100000018393161
599087522
721425810
515147332
521251710
100003587798332
637807875
100003381400366
703316551
597494260
758470743
736747945
1354738002
100002000385456
675662904
100000097006013
100001034863993
100000874023353
1751454390
1085013959
677768230
1514458361
100001906356728
548868399
100000993963882
1274994796
100000749381232
614782388
100000304182482
731037309
100001645653254
678164134
653890674
742478980
607293816
100001637544217
643734133
535021058
100000095236713
100003359893044
100001112026653
769838877
524578329
100001424118388
732349533
533711444
1345579634
772206574
673004734
1119374067
1092353241
100003519787765
553596485
752227774
704101730
100002188445141
100000284811125
628105348
737187848
610452177
100000634612214
581919242
535652649
1064373780
1154357905
575179192
100000067091892
100002235126358
675621730
1849578588
643370806
509231217
100000715338802
100001311141004
100003765739123
100000892835065
556299879
100000369752154
100001317985184
100000012448626
1582831476
100003078395015
1370550602
100002135508195
634077163
600048305
599508330076831
1426058772
828518069
100002162033674
812420359
100000492286919
1204392553
594425307
100000825633276
1004185400
725938670
638066818
748921842
100000374468338
732554214
1414223969
805016379
670923044
1341225809
1444164035
1816292212
100001561093304
100000991996273
100000234292858
632825979
727418536
681595799
1367773509
100001137665264
672837325
633023610
100001039273826
1220294874
100003217380166
566649605
600024815
554783520
1372655487
626216281
581245572
100001793758593
100001842084378
1542541893
1179503948
675428620
100002457656750
807154786
576563305
100001165205481
100000963563140
100003279565468
673828919
100001517881311
596177717
100001688734210
615652364
100002600364371
1041731741
784926562
642022014
1108968108
742963948
554426590
100000177854500
100003641670986
1196214053
563418239
1179847738
657751953
619781619
591677846
100001527033183
100000111197994
1398391650
100000134687410
729079701
627250908
624443056
1460845065
644170137
1142002510
100000387116488
707720998
100000895166968
607561246
594731319
100001427064323
579949328
100000610837872
1012215028
621729449
100000439451424
581023441
1724215214
723332543
659478324
804360573
643278005
662922383
100003982582613
100002891530291
1520240752
565470188
1448125879
1771172088
812983388
618117073
572125252
100002612978790
643218300
100000025864255
100001522957100
527119513
640226189
100002376214636
100001147593042
599112950
1045269321
534540848
100000490595474
1366966942
1119315471
1100036651
519843119
777668144
100001207479204
597780833
100000187516580
100000324106032
100001524584127
100002163880473
100000252350307
515266281
100000897105573
100001461583959
100000570433220
728817647
769328242
100003059281602
100000278538159
770039224
745277911
100000113777153
700029759
1016528725
100000720112363
572656253
730937873
1057650693
100000153550535
675102630
787578546
1579347264
661018963
100000296844604
100002246911917
1050808929
100001950687434
1006720195
100002545023423
1786746214
695061373
547931001
100005096203205
651690859
100004855961035
1001371280
1357332472
100003708814685
1298465821
100000482509996
1036276704
1082173785
702098766
550291220
100001981187634
677880686
100001920773509
554008138
1436567938
100003082027178
100000005392068
100004186862425
699513988
626945091
100000297049533
100000459116913
1159355829
100001428636507
1635465391
1659062475
100000504075818
100002539360291
776454187
100000521741804
1654351708
1288584265
100001080654970
100001316615452
100002559473038
737745542
788381382
100004461068141
100000416050190
510051076
627395428
1227510900
1805781126
1831701994
100000892652329
100000023659714
100003051441558
100003927152841
100001426239103
1256052564
712875764
100000086426111
675657949
100000540910663
733938054
1041798302
594005439
705029917
756287982
1436125929
669339005
648986981
1671212917
100002103565462
100003969171240
723627583
100000966973905
738422035
688348173
1295086899
100000454476114
100000050643952
791404929
100005817491666
100002349816752
615787907
1030365835
638533639
1556494068
100001659644542
100002101010876
100001055659901
732655544
100002074587684
100000300360422
507095958
100000419717841
100003347203038
100002668764791
787448587
100002364183641
643248299
1296406392
525219087
100000962288762
1399816057
714906218
661377990
526336580
100000355297866
1110463911
100001670493198
830343723
572521026
1183983425
100000964745260
1732783780
732736552
615524804
616968638
1006593023
100000668919747
1034648037
1593338257
1446144154
100002551481459
709101322
100000860723772
100000287945566
1400187682
564864214
1253770021
552059988
711488313
100004784170706
100000570865431
100004403583010
567733066
719993951
100000165064760
100000419850896
690532332
1723939196
100002343653780
626078644
100000639306835
100001920642429
1412260648
100001982395886
1118823101
663822486
1795579779
100000639758746
1659730432
100001931237993
1423388968
100000997130843
775148743
100004409401878
642266601
521005953
583739105
611392685
1125489445
100004379133546
1256222041
100003208775786
100000550989722
535225606
574593643
809969608
556618249
1528965904
674020468
100001291033109
500171040
100002609256011
1095746967
100000057583429
533879600
100003051445098
1198314042
100003176117421
1392565662
1416798581
100000188179491
691720764
650289927
100002744333684
100002167518127
100001605731921
1424948464
802810712
1432471376
1383131329
515920163
100000887365264
100000131775552
100001201643622
605332987
100000674676348
1418858296
130101837043261
100003968222171
1527954415
574430585
689673506
100000557140787
100001204444629
100000746413486
100003315795089
602250182
660313765
100003509126849
100002515987569
1132060461
100000057987453
1108695368
750942265
1412092569
100000710646967
1806364198
633596392
639363240
1325741350
100000083300798
206508896145
1215454639
100000084283402
100000270850077
100002053392902
100000589863955
576053646
625569721
100003255958350
1321197625
694397825
100000511763878
100002597520895
1537552752
738959425
1384393580
684393812
678714226
684152622
100001301251822
854940413
715648255
100001466534588
1737508072
654476449
1599025869
809144885
709038295
639897639
574765348
553628404
100002069055662
796679497
730159218
525612166
1440043729
1094892547
100000572389104
100001086537851
1650884929
624472097
100000613448063
602276773
773743499
750077587
749371078
100000975439252
100003706874119
1074676097
100000113782368
100003202636183
100000220904976
688049314
611103288
1831089266
636471497
1050681721
100001390841118
100000726355502
556948844
100000537282131
597109397
1145440474
100000735859463
538142968
596826328
743558363
802957785
747928775
592607597
100002100541037
1394795866
605063416
533877733
100004001563977
669411865
596800565
100001473940948
100001023145207
599518296
657724677
100001616899851
100003132275427
767925456
737036271
100001303966110
100001766081313
100002881970277
100002338126269
100000442548374
100001808065102
571214002
100000606464866
1363320261
675418659
100003697954675
504681825
750627195
100000440906534
760376063
515973071
887575272
622881589
705271027
577065795
100001656830276
100003046210369
536888450
1847652096
1556475905
721371752
100003337246250
100001910464695
100000785859030
100000985623483
796365575
785698891
100000779181256
100002002735556
1400430598
544563995
1369233918
834577305
1001532372
697883852
1305781808
100003542251283
633502671
623133814
1770801712
1204968467
621062407
728199038
598990571
753382054
1583777403
840094745
1023512927
748292603
100001442978916
670332886
1118145629
100000710809986
753198604
693448164
652392892
536331627
1438252205
100000326581074
100000523794114
685400155
100003334503070
1591767623
706036547
1609610261
100004461429838
100001597435046
552252861
889255516
1041229455
738445633
545591591
641036171
691652395
545148372
100000911535733
100000462652869
100002109657293
632183922
1130647442
738037642
717105690
36485359170
100000159220904
100002021414250
1438503551
100001865019510
592730638
1029928303
556679716
747966093
565061950
573892671
1370555192
100003243358648
100000475224681
522414470
521978310
100000572180399
1249908941
1607785682
100003607785050
100003669655392
100000029986250
1201546273
575866321
574926528
678536832
670347913
1100813190
100001500087470
1223013356
580797240
1347341459
100000210242982
100000811506004
100000364524106
1627760270
510838462
171373486338440
1533617587
746381373
1304314224
761504601
586897973
1049721666
100003566140529
746807661
780673497
745262488
1268042425
100000521370114
672433629
100000151958793
1279206105
100001212637686
100002056317195
1563527062
100000061090515
536924363
1141265267
701687857
634492663
100002259705580
723631965
1851521270
100000125628274
867940542
664475945
1432506232
100000048810070
100001848314166
1537418759
100002598065811
887550242
620412285
1578915828
100000452198525
1422902013
1681174605
531460258
1476985864
651881276
1401713083
596011476
657384140
1052041964
1142921418
630276511
1546653593
561086526
577376648
1683252514
561658404
100002000323803
555503584
1011895588
100000065193634
100002409698071
100001329450465
610376220
550579104
613789343
714758384
100002519203425
619075687
730574044
100001297998687
1811248181
614349783
1828474850
580135112
100000340884753
100002344803436
574009863
100000067575387
100000737926162
100000624156153
100000963216524
732918742
1257961873
710250253
689556680
728356758
100000031900604
1082654309
100001632288658
100002895714513
621097981
709816938
100001868032962
100000885510827
100004373892002
700804085
100001017505773
531483240
652542913
100001697656507
100002666946774
1062747424
1115672937
100002468679399
1802539632
100001671964665
100002853503790
677362960
695534575
100000456896773
521103692
603178780
797139647
100000802985503
1621541230
707566550
704358326
100002361061341
100001635363251
100000730686543
529564474
601217617
690848735
100002239874300
100000059715165
1584622688
1716712850
739878510
599464229
527513387
543958154
100001702860793
100000206692686
566477239
100002218405988
100000470244988
518522089
543164812
714496545
540940880
100001893531262
100000117492283
1258410753
632124521
1061127620
100001925753166
633138861
1675622212
521639005
100001379288198
555636125
749923158
568379935
600277772
850310443
1109187312
648588692
100001404315965
566049867
100000628920278
100000584674746
544976599
100001231238431
547087533
100001004021925
707241302
100000958481766
635594610
100001903828037
1662317330
742991593
1083926631
567913930
772324046
100003185109234
100001521710675
585471554
100003592560666
100000018970010
508794333
100002408167352
1765577004
100001169907178
630108469
661231235
100001385779434
100000585432965
1730480341
585087256
652756153
657743030
100002372223792
1122005410
100003516643871
607644671
1316350073
762584754
100000681140990
1179619409
100003925228133
743209999
550643934
546558093
1051627124
100001012886938
100001123563427
676451615
818222891
100001242630975
689597671
754959142
100000190618409
100000926630224
1226049461
1628264640
100001224452110
100000594422326
1471271492
1013042157
1125638023
100001436133935
1019113862
1048273488
1809482236
100002600528148
632798682
707573882
100000458515244
100004048234552
100001124732728
100000329118613
730195328
570984907
100000025827667
1436640955
100001135569080
690812946
750410464
100001698548100
719549537
100000451999663
100003260659906
750668062
100000794248105
100002978912271
614459629
100001463479452
1248751935
100000226812363
714037237
1063575569
100000110117053
100001904132037
100002578688726
813420619
743063352
100004090901448
625489060
100000227163010
100004033547953
700128641
645906073
1448374976
100001234706269
570369112
579405196
588499807
693300893
100000468129041
600508251
1038725467
586615166
100000140558364
1012693496
760228750
551655589
626701376
100001309822577
691333151
560156513
100000187285397
100002477021435
100001031445371
630593720
100003256899717
1559559945
539322718
655676138
614285856
100004117724440
100002205011215
641322938
100000140956780
618921349
100001968837774
613082910
100001237091775
100001013478871
1013425847
100000816583497
100004973642671
1026842250
656323520
597141408
100000038290239
1017795733
537963977
100000401644730
777734916
533478042
100000575706077
594513191
100002077822486
618053546
688047292
621033556
580131754
662695379
650397473
1035324257
508529124
100002930545662
1485464511
100001282170497
533692856
100001109626130
756437344
100000476752653
733723039
528957427
100001330207822
1110074833
100000256127497
1648695995
580276633
1456364990
1578565873
100003539597497
100001386153006
100000641588086
100000036053164
817700407
743465814
1386585604
1140420359
100000297288445
514914240
803349462
100003155194209
100001637715459
658873934
597361761
597567328
100001663274728
1210939786
100000048064024
716496312
1261980952
100000145414513
661398930
530358415
1216496387
1657220105
1112887624
864130710
785744851
100001036357291
1829723202
1267046879
100001591925188
820689637
549773886
637624638
100001020806657
532033632
100002999561044
618384216
100000451762536
1177354982
100000585945340
731076443
100003227017045
732929982
1653824428
1568533407
731844656
1369662658
100004657184606
749678054
1446889757
100002884979230
552503284
1680760935
685088196
603293852
659197598
100000378726017
625927839
713049289
100000290882015
788664681
100001202256656
1245734346
100000231605278
656231069
545343794
100001825991525
1125444172
1380571137
100000623150942
100000526232283
653282662
600595485
100002881404205
1283133235
729771596
1011460753
554093660
100001530811476
100000961397729
734584784
718734269
1001821789
100000272026285
695729582
515711685
100001865501514
635835189
791764279
100000841298936
100001247273768
805124847
582968068
100002320560628
790784610
1151024935
768617980
588527996
1325024698
670527939
1825532931
1392706469
591126878
503911087
100000268699804
100000947143088
100002316474043
100003477111120
1039742704
100000548926697
677637121
1492298112
601792283
611489530
581484940
100003121346742
562286127
1070168273
524450634
521456695
100000017300718
100002300605990
100003364765512
395081923840335
247026485335181
645358870
100000049241046
654398771
577535193
573201455
1345026080
793577169
100000314420195
599873187
668109639
666025248
1639960186
733454421
636902639
670315064
100000025116362
100001775795187
1198532359
1596589778
1612763291
694371111
100002186659653
1564789526
1447711338
100000626641591
100000447776059
1395131429
768814887
100002460732896
503611513
100000352570540
100001270834881
100000865031446
1672242052
100004231174589
725635873
713959102
100001002714938
100000579572963
1542234877
100000231896099
100004268582391
100001448876139
100002820066066
100001931325283
595281816
721242271
684323117
100000231150784
774908514
636462757
1092452440
100000370124732
779424604
100000019211234
100001844117381
1414278814
525358328
100002634390941
1614837111
100000734885402
1797596514
576163540
800775296
551785733
571485340
674572373
106606279387351
100000185395117
660373678
727848686
100000846066010
626523384
1113572837
702855186
100003201627676
100000469752445
100000327387601
543416059
684168349
100000054148667
100000563372824
100002241806998
100000356950684
100001210868661
627280920
100000204602118
148668315163982
100002733173035
717287803
644549458
1101353976
636049589
100003579066833
100001363143102
598771045
716457606
100001081883249
100002372799636
100001153028816
650248914
100000663243964
1731971784
643778023
771590558
100001630323016
560566306
100003104048704
100000138619896
774199386
580883115
100002587404450
682816244
635530181
1148021562
1368146899
701987647
100003800150193
100001450918532
717138856
701991054
758975228
100004055267968
100002134473874
100001532479570
631757983
573456169
1350788729
659921065
581775414
739925149
1308521451
551064279
100003977810165
100000907282404
840917721
683113019
518628722
684873083
881720483
100000583882907
100000973804087
1784634031
669155764
657256702
100000601744695
1146141776
621258844
100002667733003
100001697578737
1027937708
100000001997890
100001628470738
757694284
100000236612257
687587490
688975059
672298648
1428556579
783758602
1655303445
100001171653605
571126126
856329843
508905878
1395751764
100000005477276
507889871
100000068524698
774228207
100001159352876
563441644
673458944
100000473465862
542827463
632347816
630998641
100002325262776
554639176
100001387932555
1720787974
688578777
530679456
100003066431169
561419856
1217201268
100001213294068
100000642636438
100002447494808
705741136
100001044628012
100000315107862
100000492323328
739866170
100000065215147
100000161142232
100000176665015
1024375893
100002350193679
731156380
100001892847859
1101873292
1196404174
821774767
1306463886
775795611
100000914856535
100001507826675
100001243451594
538456434
707115815
689522840
100001994772909
641891273
763880327
1667775133
657495612
524067856
661248879
596256704
614442778
577726508
664417160
659294960
728156080
1573368065
1562962123
100004012232052
566365555
100002739710520
691908405
100002276458321
1153125729
1160406724
774453284
522974326
100002954574158
637520256
609489542
838191235
521963427
100000002654518
100000891465936
539936177
100000553590670
100002034637918
100000089472183
1717088601
100000296316497
656699544
100000942177839
837660385
1633865503
658412933
100000056620814
100001162573120
100000900274962
1611720547
732020554
100001331966630
100001492325830
100001459482534
869075034
565110816
560166466
100002283716057
597582259
585189517
1541715083
811753966
100000056571228
100000799866759
100001226111498
100001952093731
617471866
579677629
100003021967469
609995850
1771248429
100000129421887
552164422
788863024
770759579
531604014
561591720
100001654409124
100000300861652
100002548154928
711197283
100000959442269
755847907
708448334
100002896818442
100003093061008
1372291309
645461227
100000214710739
100004401072268
644212350
100000931183647
100001668233688
1166115005
100000649853821
596413459
123519177692635
707197088
552494310
618512513
100002677201793
562767052
100004292494399
657871811
702251008
100001328073940
1831614073
725759146
100000570875796
629119351
642271565
1630185584
100000235494585
639414329
100000280479298
1340332841
100004405201107
677086378
100001734518061
718616552
1749762310
706424085
1085089150
549927221
511952104
100000590017754
100003167646147
100000096380761
692007534
100001900722081
626622793
1214859739
100000467053872
1621576101
100003127982234
100002735997076
100001032690337
817734349
597207742
1219888484
765161752
100003025516421
629976716
100000229674817
100002191296396
100000871544730
639258436
750749803
724720895
100002968119466
1463802258
770262175
596401090
100003115438180
1140406131
565704573
728275950
537583757
100001786774782
681655967
746440157
100004045838974
580113158
100000171668067
671210977
100000303779272
630713686
100000414620921
100004053436511
100000351999708
100001408668601
635204793
100003649976250
100000223213713
513787238
841192828
664929242
100000259479956
100001318207106
100002390867573
1625870687
1786202958
733941168
632728142
100003099536270
100001054338285
100002137139214
598383730
100000056439304
1620665900
727683509
647682834
100003931531170
783689574
638939933
100000254858175
1383985181
701818824
100000089090085
100000336092082
549525161
100001307954590
100001398736946
588943583
100000603781122
716861551
100004182583167
555487604
100003974843542
100000433502586
1431938619
690089975
632557488
621453048
594603470
590903377
701572432
100000385232682
1079310469
602564622
595999479
598992617
1116223574
100001124198396
100002859049216
100000284951999
772424895
523679802
541865647
100000113935607
1034322406
100002523566691
1678249034
638982048
100000446808492
100001777974115
1407965729
576889750
1087104984
751533137
100000732227343
100001497471089
663969544
100001458668040
1335771189
100001180596769
637491487
698122655
1073944665
633808452
1463636357
100003299340592
100000753607184
546165826
748784346
100000363259900
722824492
501910410
100001326198212
533896287
637434501
511233588
594574652
100003265015735
595387660
637540953
649166008
100002528586909
100002838129740
1179500125
100001086559291
682458313
120656614683254
1042103422
676892865
760058734
100001219348273
614535377
501991120
724466093
692785768
100001554463843
100000001652008
100003709374876
730907369
100000313308274
1184385652
524904411
100000416806049
638221942
100000273527653
1278657246
1259407969
723466674
100001961438840
100000483815244
1803878024
100003528682949
100003179258143
638233648
661369028
546831607
100002419771525
100001644070627
1306279727
703396433
100000913626323
100000181404873
1178119990
100000371238129
761563654
1685388887
542323809
626003648
100000751963616
733527448
509838686
855030192
603521962
718568552
1378376867
100000516947328
620503379
1066265912
1315954229
100000238331782
599124386
100000925328842
1244479159
704358618
724022057
841172144
1123329678
613135568
626246615
100001641168037
100001733671667
100002989444497
100001451316738
100000841597138
868140690
100003487994497
100001474205889
1480050485
100001348188434
696642915
100000827407347
598599126
100000973310760
100002371312620
100002015744585
1819456845
100000028098020
1069338202
100004254464453
713908490
1337317055
100002081859295
100000085653581
100000687244167
837219630
100000524052238
520770331
599272799
728599013
100001028709720
719261281
100000919096169
100000795649370
100000679869764
100001265656403
658747042
780939147
1409383105
730476104
100001259981533
717320150
1150576268
511923189
1256959617
100003297877207
610966538
100000137218266
758708877
560288007
701098457
576293825
100000434137095
673513402
516808708
569722012
1050821561
782889857
1240080146
100000169923105
610627022
100003401311532
541623817
100000178931332
100002416765380
554866423
100004100451939
100001711441697
100000099277484
100000193059858
633731157
100002167793867
100001214955256
100001560160125
1301684074
1223243936
100004496523164
538981299
100000309061934
1627246328
1278841052
1300669642
566277674
1449462655
100001615982322
657540680
322544554466961
100001542076749
1743566473
100001474968310
100000852916773
1237496885
715472757
100004532226054
666054298
100001852990756
1791235528
535059610
100003219159224
100000092464802
1567390791
1843933605
1640475404
100000071510682
784792328
1651616222
1097598193
1514230538
100002286026133
688823861
742644887
507539248
628362360
1050008592
100003838190838
520616693
704961200
100000644593294
1834404548
1656155494
571551369
100000559934616
100000550530189
673414890
100001749619317
623079376
1049926770
636351661
100000172249622
629799789
100000298861402
100003726042008
680931087
532913691
100001600170789
100000280654323
1597224337
1187183304
1470262926
100001482074152
751834815
587622047
1483935276
1765453875
1406134743
1023598353
1137983561
100001613697013
544482797
708576140
500063070
1305197801
1113841420
100000445196203
709441083
760592967
565323228
628092601
1501230904
572776443
100003288305370
100000635522005
100002035556849
663467364
100002628313346
100000056660658
100004179134335
1404602010
100000851158966
696858565
570806791
830795286
100000505535438
738812895
100000965875129
100001641092372
100002986255228
621298055
100001223302461
636759215
596072929
750124185
1264622727
100002002117778
100000208361510
1695660846
100001445348677
100000221325912
520566056
646807980
685148960
679682383
753318866
1650501100
559032322
521085179
100000936107268
754459531
1206427064
100001300881463
100001327407294
100003715429499
656671508
557280961
100000579811506
100001483074028
623476217
705203648
565558197
1087875240
100002055188890
1414697821
1287521968
1100595843
100001501689825
630361727
100001077983336
548066972
700806445
100000384701003
537522068
567129270
1024510228
633576325
760194424
839295245
688133812
556168170
100001978121539
633729563
803339201
599782242
100000219302085
520809447
1594662357
100001792175085
100001641442249
766854367
1614403334
1795269410
100001828305299
714994052
100004071888405
554008911
563338400
1010123935
100002684578904
634669262
580420720
815408839
728602053
1164806915
744263421
100004167211875
100000158674577
100001207779666
575347980
552593952
666029665
100000877246409
1464583072
1296045240
640099658
100000534438946
1437202816
1044421225
100003467704211
595754274
609632890
1682355010
100004225029462
1230106157
526640374
100002445789027
671841887
1153703826
635141598
100000241123288
100003513318561
608934759
772020710
100001087397537
100003294170967
643853533
1179873114
100000827886817
599123061
1733812997
504034530
100001065823515
100000209967554
100003303076521
100001400990290
1142090180
549403818
612452403
575584093
1697367713
100003818361500
100002146210486
525703848
815250444
759734223
624633761
100001576947415
715561620
259028394155392
1066130484
754071902
100000553465827
754991683
633733322
193842590655518
587488005
689409774
833956472
1161233140
100000688132230
100003383662436
566861253
100001923590577
1146896813
100001091602016
100002414760161
100003981266871
1429907592
569324418
100000173825251
100000016012206
100002671604231
100001438986600
699385836
1081264709
100001612278269
1207971721
557766456
100003552501593
695707923
100002648900738
600741892
100002618066388
100001811548397
1155610809
100000800266232
1227767407
628333940
774578161
628130637
100000367881024
100001530766241
100000043503399
1467198636
737422574
1197554087
544786337
100000303303826
100001427679720
100001630203496
100001500110009
511325003
1103761154
613745889
1417568555
100001011444268
656401972
100000495226617
556051306
781064914
668695857
100001860681416
1715968853
1219107953
638435309
100002531817633
507951513
1671702336
755823391
100003782425736
1080810492
100000570344057
1156933647
100001088472370
100001835634504
1222200625
100000989869060
626980803
1203429697
100000210300754
100001708628444
100001905515707
100001044259963
527517468
818213956
100002701701171
706004004
1460204680
100000027878940
1419403958
714968374
100000899491979
1443120720
619898873
562258772
100002503242590
100000857072201
100000207300358
1055364647
100000537865947
556789578
600120983
597105857
804734105
735687761
100000072438838
100005101230716
648309549
1269244523
565241759
100000647440308
100003018122931
768998828
538832247
1604266655
1598520214
1052969905
100002220471722
724273250
575734471
753639371
602901258
100001634385531
1230063308
100002110931451
100003755097495
100000395426722
618541741
730786627
1132854873
691605109
576329162
599172339
100000567277777
767694067
100000494091014
638263820
524477545
1497974347
100003141623379
612938141
542373289
810769007
528487978
100003663930107
1023676185
1594459445
100000075352214
1351334210
1341917949
697691946
539556824
100002925891766
100002676884686
100000388306192
100001070813393
750318090
100001605878001
100001162962075
546763958
1127797330
674973246
583095683
713299431
1805873392
1656244279
549253728
1763731696
1366254910
100003343994293
516231368
100000975665582
624108812
1170550275
100000328625358
633311772
100000318926598
591873798
100001178828971
100001955498027
100003336935454
645465942
769192986
100003339200733
100003245012780
554273165
1050085408
100001294718431
1141183985
100000879729727
662077379
786146063
1396291147
100002440975308
567771987
100000563851939
594733385
545592187
100001089699996
100002422241220
1203942793
100004031955374
675113963
100003036399505
705087975
100000712955953
1727280901
1004521534
100002574873792
604581674
100004499384178
626848268
1668446982
696606901
1463501245
1780848738
599061918
1440207745
100001252310969
100001815922775
1819201281
100001835974186
1030524545
1519101112
1662043955
622504494
100001777372929
100003403955145
528312839
565285290
100001470804350
580037066
624172169
521954300
100001373403993
100000174600396
564343933
100001919657879
100000524623349
100000884682616
100000295222736
1512998555
787082549
605785651
746194780
100000470705867
645324422
709783841
725228371
100000242519108
595323353
100002657695494
595316895
100001478355048
517939087
100003260736077
100001329113507
1808135025
793975270
699317647
1610958778
100002445437480
529802953
1118682426
100003349667894
1589858794
100001471776460
744428361
651539214
100003778288218
100003915248699
100000175735678
522319094
1736114164
100001303503830
718079176
801560250
100000396601802
1663022521
769138947
100003641410031
1198174301
744188277
688201937
100000041632703
584263293
100002141571624
100000535120995
1215780640
1319817445
627046537
1065473099
100000586449830
681442323
601180567
618492816
100000729484849
100002673551733
643708890
100000176216409
100002256194788
100002449672917
100000080871028
1639784892
653442917
1775901873
532540294
100002140736802
100002168795773
1810057140
663565474
1055986610
100004552350111
100001630121569
690833548
100001590516717
1166956867
1150383303
1584410170
715073442
100001218555551
100000901423125
549019146
1848540674
729846962
616215559
628377835
100001189025309
100002198543991
100003908820620
100002443391922
1598577059
771919885
100001682738833
100000313276611
1124329090
261204117300778
100000056521210
100002081620906
580755289
660818009
100000037741135
529267894
854985112
100000493358996
683219181
1128230129
616968526
1193032958
628085288
624194183
100000693297714
1316932275
534579286
1385594609
633607272
760792017
100000664496503
100003652257505
1611282062
100001460150315
136805196443225
1106118036
744038906
799218325
100001264543006
100001611631504
100004347401487
865300312
100003694857489
697103549
644176498
671638613
100000783894461
100000440550089
100002427893838
554412027
667534392
1237955884
510185690
1194054760
1649950202
643838224
1137368679
1018630271
868535067
1351878181
765767069
640542634
100001775638933
553328402
100001806068555
604580520
100001538210477
580682209
100003240444006
100003399097164
730788576
655382277
663654523
599249486
617883820
697927477
100002045787887
1144312922
651447332
1573724609
100000734410339
100000525007284
100000292078097
652485910
746657417
100002264486186
100000342682105
100000674812046
622833462
100003798052136
570700469
705625298
100000193857148
558582711
1273891104
644475912
563674901
788377805
1528642478
100000586184381
100000059221226
1506875927
693453877
1234749756
592294112
100003166045392
1035495393
1340144384
100001956263089
764777835
100002337709899
1113635012
100001619707487
100003933469944
1679394458
709883090
1437758310
1409681090
100004167930063
647922775
635026335
100002976374281
100003664016387
1772700572
570164252
724214380
589528430
1605370727
100003069836635
1677191050
100000313354000
724889063
100001931770355
675808281
1380375948
100000341922128
801998787
585517828
100001604503100
605932913
562962964
757713282
664544925
624032463
100001786717656
100001727361014
100003592848286
100002723085343
663748620
753258847
751799703
100003108789880
816634274
677501110
1544880277
767871666
687458249
1276053814
794642817
100003749366584
785295571
662091292
100001985625722
564681414
1801737629
100004017333855
608851126
1093981138
100001588272900
596374796
100001222674464
100001005942179
100000475899468
1416270460
642408302
573163052
551831491
1554833024
1032511757
1681680802
643716508
681951304
648775934
100001583718446
580375299
653275128
100001311751972
700399789
100001092136506
100002757658852
663702947
100000505443665
100000913571289
704328368
100002510252709
100002483516766
803422279
652301036
100003676071310
100002880441691
1037652582
1633422768
100000265515745
100000698566103
100001805731807
100001810092077
1832146248
100000162225701
632971162
100000011980009
1287840905
100000365402221
1220919594
533951722
731743879
712379117
100002999813520
562488982
100001283151760
100001467198493
100000299146105
672574192
100001053194187
1175497842
100002013723720
100003507146908
100000173844047
799033399
100001090385068
1134754486
649157598
100002350543727
692384131
100001673745516
100003945823355
796650429
100000731071299
1175593891
640091762
777534221
1131103767
1372053083
609985041
700739134
1646589451
100001977325300
1209399403
100000318379273
536453556
1139907965
100003214927782
1793534416
100000628917819
608963954
579768456
645851065
100000845975217
689767427
100000879760658
563774091
694463729
100004083137317
553913418
534407621
1200977916
100003195304129
596259765
100000489506220
100001398968217
100002503874878
100001051707890
100001567414128
1435314004
1607403371
621181074
100005306618728
100001069476930
100003197436864
1016732033
1548012014
665746428
820068046
702464789
642895877
100000206881029
1385629353
100000142227250
100003719406198
100000452427065
599552426
100000651266014
100001983699402
631685079
695896902
100001636215700
1386559830
691849765
789989612
1425682274
653554190
751201531
1427326912
701035897
549823932
560135385
1023009977
100000556430605
100004367231762
100000409631435
1628918416
734833626
100002020578911
770345025
1535380919
100003917912158
100002343045452
100000418874875
1006339573
1071265121
687459274
666513103
100003395328712
620779097
100003697031550
100000499134449
562588870
100000497974308
100004096714978
1590291524
517555023
100000133651007
742244156
726700976
648173067
100000920691656
100001271232962
687068798
1618887301
100000592626045
685196313
100004169527103
734202266
1282695175
100000987352069
798004407
1489429321
1247977717
100000567561404
100000725688140
704764114
572821400
723757710
100000734997831
675678767
1107259884
547703502
100001365173222
100001567194930
100001451014379
604410088
537698665
847610202
100001711500790
100000888091827
100000254544244
735314544
100002045486836
586710952
100001509908286
638911753
100000013871685
100000180532304
100001000923309
630753065
100000162295370
520041789
549649457
682277224
705372828
660127222
100001983978950
100001585592085
681779997
100000516609915
1578583811
520217141
620181883
556066061
1283200169
686454153
712584586
1743984013
100004574700666
100003482015663
1685780323
100001193853173
665837343
100002277584101
100002268039752
563529101
1636670575
100000935682965
100001604348426
100001715634224
100002401705959
669187490
738836088
100002098306429
100000788694753
100001569093416
100001800233851
728288989
1340037612
100000638787546
1649554111
100000451685045
728862932
700932676
100000730483352
100000112675637
515869952
100000929420190
1848627019
708705391
1451610669
529482942
509331122
100000659647023
100001538263595
1449135281
1569624954
100003681427773
618287464
501205113
1596038957
642224615
656138429
660431089
635128802
1721117999
1055651866
716337595
100000776894635
100000390496331
100000476302074
100000135321796
100001313550776
100003685986853
100001977327657
1645365434
1052691354
100000446271302
1263618854
1019135131
763238421
100000244870195
100003153532638
700758031
554389522
677559513
787484101
100001456077309
747613610
100002541812956
100001316177420
760122724
1227738366
535033197
637355176
545599526
100000552869181
1130615081
100001120526469
100004177028401
725422562
643285239
100002141719499
576185409
100002250151330
100002869013135
100002249679835
816030720
100000051065420
100002229237570
750272914
571888499
100000485387284
547811030
100001889177998
650548331
100002884646326
1069326058
100002148166264
540226742
1254063991
536850498
100000016654741
100003489922994
671332348
808724083
100001494825922
1331797706
525422839
633993681
762444439
702153578
640540105
573299065
677502158
607463871
100000309948740
100001396881180
766896382
638473580
100003258909031
643890310
100001141187991
100003518704773
100001772930473
100002798407081
594893341
692740498
100000669636203
667641012
100003351362268
1014091402
537603192
100003193560217
561521219
100002761792200
100000523515495
531004684
682597712
1685173265
100001497245108
1777551030
611054334
691563253
1346014728
1089987989
100000307592166
